11080104 0255 N33E35 B           10981 BXO  2  1  20 0801 6.9 0801 6.3 002 2LEAR
11080104 1900 N28E23 B           10981 CSO  3  4  20 0801 6.6 0801 6.3 003 3HOLL
11080105 0100 N29E20 A           10981 AXX  2  1  20 0801 6.6 0801 6.3 002 2LEAR
11080106 0056 N27E04 A           10981 AXX  2  2  20 0801 6.3 0801 6.3 002 3LEAR
11080101 0521 S05E78 A           10980 AXX  1  1  30 0801 7.0 0801 7.2 001 2LEAR
11080101 1704 S08E72 A           10980 BXO  2  2  30 0801 7.1 0801 7.2 046 4HOLL
11080102 0029 S07E68 A           10980 AXX  1  1  30 0801 7.1 0801 7.2 001 3LEAR
11080102 0815 S10E68 B           10980 CSO  3  7  40 0801 7.4 0801 7.2 001 2SVTO
11080103 0124 S06E55 A           10980 HAX  2  1  20 0801 7.2 0801 7.2 001 2LEAR
11080103 1000 S06E49 A           10980 HSX  4  2  20 0801 7.1 0801 7.2 001 4SVTO
11080103 1649 S07E44 B           10980 CSO  4  3  30 0801 7.0 0801 7.2 002 2HOLL
11080104 0255 S06E40 A           10980 AXX  3  1  10 0801 7.1 0801 7.2 001 2LEAR
11080107 0350 S04E02 A           10980 AXX  4  1  10 0801 7.3 0801 7.2 004 2LEAR
11080107 1607 S08W06 B           10980 DSO  4  3  30 0801 7.2 0801 7.2 004 2HOLL
11080108 0508 S08W13 A           10980 AXX  6  4  20 0801 7.2 0801 7.2 004 2LEAR
11080106 0056 S08E51 A           10980AAXX  3  1  10 0801 9.9 0801 9.8 003 3LEAR
11080108 2040 S11E13 A           10980AAXX  1  1  10 0801 9.8 0801 9.8 005 2HOLL
11080110 1735 S06E21 A           10980BAXX  1  1  10 080112.3 080112.2 006 2HOLL
11080111 1603 S06E07 A           10980BAXX  1  1  10 080112.2 080112.2 006 3HOLL
11080203 0119 S01W77 A           10982AAXX  1  1  30 080128.4 080128.4 006 2LEAR
11080104 0255 N33E35 B           10981 BXO  2  1  20 0801 6.9 0801 6.3 002 2LEAR
11080104 1900 N28E23 B           10981 CSO  3  4  20 0801 6.6 0801 6.3 003 3HOLL
11080105 0100 N29E20 A           10981 AXX  2  1  20 0801 6.6 0801 6.3 002 2LEAR
11080106 0056 N27E04 A           10981 AXX  2  2  20 0801 6.3 0801 6.3 002 3LEAR
11080101 0521 S05E78 A           10980 AXX  1  1  30 0801 7.0 0801 7.2 001 2LEAR
11080101 1704 S08E72 A           10980 BXO  2  2  30 0801 7.1 0801 7.2 046 4HOLL
11080102 0029 S07E68 A           10980 AXX  1  1  30 0801 7.1 0801 7.2 001 3LEAR
11080102 0815 S10E68 B           10980 CSO  3  7  40 0801 7.4 0801 7.2 001 2SVTO
11080103 0124 S06E55 A           10980 HAX  2  1  20 0801 7.2 0801 7.2 001 2LEAR
11080103 1000 S06E49 A           10980 HSX  4  2  20 0801 7.1 0801 7.2 001 4SVTO
11080103 1649 S07E44 B           10980 CSO  4  3  30 0801 7.0 0801 7.2 002 2HOLL
11080104 0255 S06E40 A           10980 AXX  3  1  10 0801 7.1 0801 7.2 001 2LEAR
11080107 0350 S04E02 A           10980 AXX  4  1  10 0801 7.3 0801 7.2 004 2LEAR
11080107 1607 S08W06 B           10980 DSO  4  3  30 0801 7.2 0801 7.2 004 2HOLL
11080108 0508 S08W13 A           10980 AXX  6  4  20 0801 7.2 0801 7.2 004 2LEAR
11080106 0056 S08E51 A           10980AAXX  3  1  10 0801 9.9 0801 9.8 003 3LEAR
11080108 2040 S11E13 A           10980AAXX  1  1  10 0801 9.8 0801 9.8 005 2HOLL
11080110 1735 S06E21 A           10980BAXX  1  1  10 080112.3 080112.2 006 2HOLL
11080111 1603 S06E07 A           10980BAXX  1  1  10 080112.2 080112.2 006 3HOLL
11080203 0119 S01W77 A           10982AAXX  1  1  30 080128.4 080128.4 006 2LEAR
11080129 1616 S09E57 B           10982 BXO  3  4  20 0802 2.9 0802 2.7 007 3HOLL
11080130 0043 S10E52 B           10982 BXO  4  4  50 0802 2.9 0802 2.7 005 3LEAR
11080130 0815 S08E48 B           10982 BXO  4  6  60 0802 2.9 0802 2.7 002 3SVTO
11080131 0115 S10E37 B           10982 CAO  7  4  30 0802 2.8 0802 2.7 005 3LEAR
11080131 0825 S09E34 B           10982 BXO  3  5  60 0802 2.9 0802 2.7 002 2SVTO
11080131 1640 S02E28 B           10982 DSO  5  6  80 0802 2.8 0802 2.7 007 2HOLL
11080201 0110 S10E25 B           10982 BXO 12  6  20 0802 2.9 0802 2.8 005 3LEAR
11080201 1000 S11E22 B           10982 DRO  6  7  20 0802 3.1 0802 2.8 002 3SVTO
11080201 1808 S09E15 B           10982 CSO  8  7  70 0802 2.9 0802 2.8 007 2HOLL
11080202 0137 S08E09 B           10982 BXO  8  4  20 0802 2.7 0802 2.8 005 3LEAR
11080202 1005 S08E06 B           10982 BXO  4  3  50 0802 2.9 0802 2.8 002 3SVTO
11080202 1650 S09E01 B           10982 BXO  6  3  30 0802 2.8 0802 2.8 007 2HOLL
11080203 0119 S09W04 B           10982 BXO  4  2  10 0802 2.7 0802 2.8 005 2LEAR
11080203 0945 S08W08 A           10982 AXX  3  2  40 0802 2.8 0802 2.8 002 2SVTO
11080203 1845 S08W14 B           10982 BXO  3  3  20 0802 2.7 0802 2.8 007 1HOLL
11080204 0127 S10W19 B           10982 BXO  4  4  10 0802 2.6 0802 2.8 005 3LEAR
11080204 1020 S07W18 A           10982 AXX  2  2  10 0802 3.1 0802 2.8 002 2SVTO
11080225 0930 S01W32 A           10983 AXX  1  1  10 080223.0 080223.0 003 3SVTO
11080225 2028 S03W37 A           10983 AXX  2  4  20 080223.1 080223.0 008 3HOLL
11080226 0156 S06W43 B           10983 BXO  4  3  20 080222.9 080223.0 007 4LEAR
11080226 0156 S06W43 B           10983 BXO  4  3 200 080222.9 080223.0 007 4LEAR
11080226 1136 S05W48 B           10983 BXO  3  5  50 080222.9 080223.0 003 2SVTO
11080226 1518 S05W49 B           10983 DSO  2  5  30 080223.0 080223.0 008 2HOLL
11080227 0005 S05W53 B           10983 BXO  2  4  20 080223.0 080223.0 007 3LEAR
11080227 1150 S05W62 B           10983 BXO  2  5  20 080222.8 080223.0 003 2SVTO
11080227 1720 S06W65 B           10983 BXO  3  7  40 080222.8 080223.0 008 3HOLL
11080228 0915 S06W77 B           10983 BXO  2  6  30 080222.6 080223.0 003 2SVTO
11080305 1509 S05W65 A           10984 AXX  3  3  20 080229.8 080229.8 010 3HOLL
11080306 0110 S08W68 B           10984 BXO  2  1  30 080229.9 080229.8 009 2LEAR
11080306 1855 S05W75 A           10984 AXX  1  1  20 0803 1.2 080229.8 010 2HOLL
11080303 0650 S05E18 A           10984AAXX  1        0803 4.6 0803 4.6 004 3SVTO
11080303 0728 S04E16 A           10984AAXX  1  1  10 0803 4.5 0803 4.6 008 3LEAR
11080304 1535 S05W01 A           10984AAXX  1  1     0803 4.6 0803 4.6 009 4HOLL
11080310 0836 S09W76 B           10984ACRO  2  6  50 0803 4.6 0803 4.6 005 3SVTO
11080310 0857 S12W73 B           10984ABXO  2  4 150 0803 4.9 0803 4.6 010 2LEAR
11080315 0845 S05W33 B           10986 BXO  2  3  20 080312.9 080312.8 011 2LEAR
11080315 0950 S03W35 B           10986 BXO  2  2  20 080312.8 080312.8 006 2SVTO
11080316 0045 S05W43 B           10986 BXO  2  2  20 080312.8 080312.8 011 3LEAR
11080316 1128 S02W51 B           10986 BXO  2  1  30 080312.7 080312.8 006 2SVTO
11080316 1904 S05W55 A           10986 HSX  1  1  20 080312.7 080312.8 012 2HOLL
11080317 0045 S05W57 A           10986 AXX  1  1  10 080312.8 080312.8 011 2LEAR
11080317 0713 S03W63 A           10986 AXX  1        080312.6 080312.8 006 3SVTO
11080313 1819 N10E03 A           10986BAXX  1        080314.0 080314.0 011 4HOLL
11080323 1509 S08E55 A           10987 AXX  3  3  30 080327.7 080327.6 007 3SVTO
11080323 1635 S08E53 B           10987 CSO  4  3  50 080327.7 080327.6 013 3HOLL
11080324 0144 S07E48 B           10987 DAC  5  5 130 080327.7 080327.6 012 3LEAR
11080324 1600 S08E39 B           10987 BXO  6  6  40 080327.6 080327.6 007 3SVTO
11080324 1608 S10E40 B           10987 DSI 15  6 170 080327.7 080327.6 013 3HOLL
11080325 0840 S08E31 B           10987 CSO 10  8  70 080327.7 080327.6 007 3SVTO
11080325 1527 S08E27 B           10987 DAC 10  7 180 080327.7 080327.6 013 3HOLL
11080326 0855 S08E16 B           10987 DAO 13  8 160 080327.6 080327.6 007 2SVTO
11080326 2158 S08E10 B           10987 DAI 16  8 170 080327.7 080327.6 013 3HOLL
11080327 0913 S08E03 B           10987 DAO  9  7 180 080327.6 080327.6 007 2SVTO
11080327 2236 S07W05 B           10987 DAI 12  8 160 080327.6 080327.6 013 3HOLL
11080328 0620 S08W10 B           10987 DSI 16  7 130 080327.5 080327.6 007 3SVTO
11080328 1520 S07W14 B           10987 DSI 12  8 120 080327.6 080327.6 013 3HOLL
11080329 0955 S07W25 B           10987 DSO  7  8  90 080327.5 080327.6 007 2SVTO
11080329 1609 S06W27 B           10987 DSO  4  7  90 080327.6 080327.6 013 2HOLL
11080330 0530 S08W32 B           10987 CAO  3  6 130 080327.8 080327.6 012 2LEAR
11080330 0645 S06W37 B           10987 BXO  4  8  50 080327.5 080327.6 007 3SVTO
11080330 1529 S05W42 B           10987 DSO  8  6  70 080327.5 080327.6 013 2HOLL
11080331 0119 S08W47 B           10987 BXO  7  6  60 080327.5 080327.6 012 3LEAR
11080331 0640 S06W50 B           10987 BXO  3  5  60 080327.5 080327.6 007 2SVTO
11080331 0919 S08W47 B           10987 BXO  7  6  60 080327.9 080327.6 012 3LEAR
11080331 1852 S06W58 B           10987 CAO  4  2  40 080327.4 080327.6 013 3HOLL
11080401 0130 S08W64 A           10987 AXX  1     20 080327.4 080327.6 012 3LEAR
11080401 0935 S07W68 A           10987 HSX  1  2  20 080327.4 080327.6 007 3SVTO
11080401 1541 S03W70 A           10987 HAX  2  2  40 080327.5 080327.6 013 2HOLL
11080402 0342 S08W78 A           10987 AXX  2  1  60 080327.4 080327.6 012 2LEAR
11080401 0130 S08W39 A           10988 HHX  4  3 170 080329.2 080329.3 013 3LEAR
11080401 0935 S07W42 B           10988 DSO  5  8 130 080329.3 080329.3 008 3SVTO
11080401 1541 S04W44 B           10988 DSO  3  2 140 080329.5 080329.3 014 2HOLL
11080402 0342 S08W52 A           10988 HAX  3  2 240 080329.3 080329.3 013 2LEAR
11080402 0930 S06W56 A           10988 HSX  2  3 170 080329.3 080329.3 008 3SVTO
11080403 1158 S05W73 B           10988 BXO  3  5  80 080329.1 080329.3 008 2SVTO
11080403 1624 S06W73 B           10988 BXO  5  3  60 080329.3 080329.3 014 4HOLL
11080324 0144 S07E73 B           10988 BXO  3  4  60 080329.5 080329.5 013 3LEAR
11080324 1600 S09E62 B           10988 BXO  4  5  60 080329.3 080329.5 008 3SVTO
11080324 1608 S12E63 BG          10988 EHI 10 11 170 080329.4 080329.5 014 3HOLL
11080325 0840 S08E55 B           10988 CSO  8  8 190 080329.5 080329.5 008 3SVTO
11080325 1527 S10E50 B           10988 DAC 14  8 210 080329.4 080329.5 014 3HOLL
11080326 0855 S08E41 B           10988 DSO 11 10 230 080329.4 080329.5 008 2SVTO
11080326 2158 S09E36 B           10988 DAI 17 11 340 080329.6 080329.5 014 3HOLL
11080327 0913 S08E27 B           10988 DAO 11 13 240 080329.4 080329.5 008 2SVTO
11080327 2236 S09E20 B           10988 DSI 16 11 310 080329.4 080329.5 014 3HOLL
11080328 0620 S08E15 B           10988 EKI 15 13 240 080329.4 080329.5 008 3SVTO
11080328 1520 S09E12 B           10988 DAI 12 11 220 080329.5 080329.5 014 3HOLL
11080329 0955 S09E01 B           10988 EKI 13 11 210 080329.5 080329.5 008 2SVTO
11080329 1609 S08W03 B           10988 DAI  7 11 230 080329.4 080329.5 014 2HOLL
11080330 0530 S12W08 B           10988 CAO  5 11 280 080329.6 080329.5 013 2LEAR
11080330 0645 S06W16 B           10988 CAO  3  4 150 080329.1 080329.5 008 3SVTO
11080330 1529 S06W17 B           10988 DAI  6  8 210 080329.4 080329.5 014 2HOLL
11080331 0119 S08W24 B           10988 CHO  3  7 180 080329.2 080329.5 013 3LEAR
11080331 0640 S07W28 B           10988 CAO  3  3  90 080329.2 080329.5 008 2SVTO
11080331 0919 S08W24 B           10988 CHO  3  7  40 080329.6 080329.5 013 3LEAR
11080331 1852 S07W35 B           10988 CSO  9  6 190 080329.2 080329.5 003 3HOLL
11080325 0840 S09E85 A           10989 AXX  1  1  30 080331.7 080331.9 009 3SVTO
11080325 1527 S12E80 A           10989 HAX  1  2  60 080331.7 080331.9 015 3HOLL
11080326 0855 S10E70 A           10989 HSX  1  2  30 080331.6 080331.9 009 2SVTO
11080326 2158 S13E65 B           10989 DAO  3  4  70 080331.8 080331.9 015 3HOLL
11080327 0913 S12E57 B           10989 DSO  3  5  70 080331.7 080331.9 009 2SVTO
11080327 2236 S13E48 B           10989 DSO  2  3  50 080331.6 080331.9 015 3HOLL
11080328 0620 S11E45 B           10989 DSO  4  5  40 080331.6 080331.9 009 3SVTO
11080328 1520 S12E39 B           10989 DAO  5  4  50 080331.6 080331.9 015 3HOLL
11080329 0955 S12E31 B           10989 CSO  4  3  90 080331.7 080331.9 009 2SVTO
11080329 1609 S13E25 B           10989 DSO  4  5  70 080331.5 080331.9 015 2HOLL
11080330 0530 S13E17 B           10989 BXO  2  1  20 080331.5 080331.9 014 2LEAR
11080330 0645 S10E18 B           10989 BXO  2  1  20 080331.6 080331.9 009 3SVTO
11080330 1529 S12E12 B           10989 CSO  3  3  30 080331.5 080331.9 015 2HOLL
11080331 0919 S11E07 A           10989 AXX  1     10 080331.9 080331.9 014 3LEAR
11080413 1907 N27E33 A           10990 AXX  2  1  10 080416.4 080416.4 016 4HOLL
11080414 0045 N27E29 A           10990 AXX  1  1  10 080416.3 080416.4 015 3LEAR
11080414 0635 N26E29 A           10990 AXX  1  1  10 080416.5 080416.4 010 3SVTO
11080414 0845 N27E29 A           10990 AXX  1  1  10 080416.6 080416.4 015 3LEAR
11080414 1608 N26E22 A           10990 AXX  1  1  10 080416.4 080416.4 016 2HOLL
11080415 0303 N27E16 B           10990 BXO  2  3  10 080416.4 080416.4 015 2LEAR
11080418 1530 S10E55 A           10991 AXX  1  1  10 080422.8 080422.1 017 2HOLL
11080419 0038 S09E41 A           10991 AXX  1  1  10 080422.1 080422.1 016 2LEAR
11080419 1741 S09E32 B           10991 BXO  3  2  30 080422.1 080422.1 017 3HOLL
11080420 0100 S10E27 A           10991 AXX  2  1  20 080422.1 080422.1 016 2LEAR
11080422 0640 N13E07 B           10992 BXO  2  3  20 080422.8 080423.0 017 2LEAR
11080422 0820 N14E06 B           10992 DSO  2  3  30 080422.8 080423.0 011 2SVTO
11080422 1830 N12E03 B           10992 CSO  4  4  50 080423.0 080423.0 018 3HOLL
11080423 0053 N11W04 B           10992 CAO  2  3  20 080422.7 080423.0 017 2LEAR
11080423 0645 N16W07 B           10992 BXO  2  4  20 080422.7 080423.0 011 3SVTO
11080423 1603 N14W15 B           10992 CSO  5  5  70 080422.5 080423.0 018 3HOLL
11080424 0054 N13W26 A           10992 AXX  1  1  10 080422.1 080423.0 017 2LEAR
11080424 0658 N17W22 A           10992 AXX  1  1  10 080422.6 080423.0 011 2SVTO
11080424 1700 N10W30 A           10992 AXX  1  1  10 080422.4 080423.0 018 3HOLL
11080504 0205 S28E38 B           10993 BXO  3  3  10 0805 7.0 0805 7.1 018 3LEAR
11080504 0610 S30E36 A           10993 HRX  3  3  30 0805 7.1 0805 7.1 012 3SVTO
11080504 1727 S28E32 A           10993 BXO  2  2  10 0805 7.2 0805 7.1 019 2HOLL
11080505 0235 S30E25 B           10993 BXO  5  4  20 0805 7.1 0805 7.1 018 2LEAR
11080505 0700 S31E23 B           10993 BXO  5  5  30 0805 7.1 0805 7.1 012 3SVTO
11080516 0042 S05E17 A           10994 AXX  1  1  10 080517.3 080517.3 020 3LEAR
11080516 0800 S12E11 A           10994 AXX  1  1  10 080517.2 080517.3 013 2SVTO
11080516 1830 S10E06 A           10994 AXX  2  2  20 080517.2 080517.3 022 3HOLL
11080518 0100 S12W11 A           10994 AXX  1  1  10 080517.2 080517.3 020 3LEAR
11080518 1005 S11W15 B           10994 BXO  3  4  30 080517.3 080517.3 013 1SVTO
11080518 1425 S13W16 B           10994 CSO  7  4 100 080517.4 080517.3 023 3HOLL
11080519 0025 S13W23 B           10994 BXO  8  6  30 080517.3 080517.3 020 2LEAR
11080519 0630 S12W28 B           10994 CSO  6  4  40 080517.2 080517.3 013 3SVTO
11080519 1433 S12W32 B           10994 BXO  2  4  10 080517.2 080517.3 023 4HOLL
11080520 0252 S13W40 A           10994 AXX  1  1  10 080517.1 080517.3 020 3LEAR
11080520 0615 S12W41 A           10994 AXX  1  1  10 080517.2 080517.3 013 3SVTO
11080520 1417 S12W45 A           10994 AXX  1  1  10 080517.2 080517.3 023 4HOLL
11080516 0042 N19E35 A           10995 AXX  1  1  10 080518.7 080518.5 019 3LEAR
11080516 0800 N12E31 A           10995 AXX  1  1  10 080518.7 080518.5 014 2SVTO
11080516 1830 N14E22 A           10995 AXX  1  1  10 080518.4 080518.5 021 3HOLL
11080517 0115 N12E22 B           10995 BXO  2  4  10 080518.7 080518.5 021 3LEAR
11080517 0748 N10E16 A           10995 AXX  1  1  10 080518.5 080518.5 014 2SVTO
11080516 1830 N13E62 B           10996 BXO  2  6  20 080521.4 080521.4 020 3HOLL
11080517 0115 N08E58 B           10996 BXO  2  5  20 080521.4 080521.4 022 3LEAR
11080517 1848 N12E47 B           10996 BXO  6  5  50 080521.3 080521.4 020 3HOLL
11080518 0100 N08E44 B           10996 BXO  4  5  30 080521.3 080521.4 022 3LEAR
11080518 1425 N12E37 B           10996 BXO  3  2  20 080521.4 080521.4 020 3HOLL
11080519 0025 N08E30 B           10996 BXO  3  3  10 080521.3 080521.4 022 2LEAR
11080519 0630 N08E27 B           10996 BXO  3  4  20 080521.3 080521.4 015 3SVTO
11080519 1433 N09E23 B           10996 BXO  3  4  10 080521.3 080521.4 020 4HOLL
11080520 0252 N08E14 B           10996 BXO  2  2  10 080521.2 080521.4 022 3LEAR
11080520 0615 N11E15 A           10996 AXX  2  2  20 080521.4 080521.4 015 3SVTO
11080525 1600 N07W18 B           10996ACSO  2  2  10 080524.3 080524.3 024 2HOLL
11080525 0711 S08E22 A           10996BAXX  3  2  10 080526.9 080526.9 016 3SVTO
11080525 0749 S08E21 A           10996BAXX  4  2  10 080526.9 080526.9 023 3LEAR
11080526 0615 S08E08 A           10996BAXX  2  1  10 080526.9 080526.9 023 2LEAR
11080526 0843 S08E07 A           10996BAXX  2  1  10 080526.9 080526.9 016 3SVTO
11080504 0205 S28E38 B           10993 BXO  3  3  10 0805 7.0 0805 7.1 018 3LEAR
11080504 0610 S30E36 A           10993 HRX  3  3  30 0805 7.1 0805 7.1 012 3SVTO
11080504 1727 S28E32 A           10993 BXO  2  2  10 0805 7.2 0805 7.1 019 2HOLL
11080505 0235 S30E25 B           10993 BXO  5  4  20 0805 7.1 0805 7.1 018 2LEAR
11080505 0700 S31E23 B           10993 BXO  5  5  30 0805 7.1 0805 7.1 012 3SVTO
11080516 0042 S05E17 A           10994 AXX  1  1  10 080517.3 080517.3 020 3LEAR
11080516 0800 S12E11 A           10994 AXX  1  1  10 080517.2 080517.3 013 2SVTO
11080516 1830 S10E06 A           10994 AXX  2  2  20 080517.2 080517.3 022 3HOLL
11080518 0100 S12W11 A           10994 AXX  1  1  10 080517.2 080517.3 020 3LEAR
11080518 1005 S11W15 B           10994 BXO  3  4  30 080517.3 080517.3 013 1SVTO
11080518 1425 S13W16 B           10994 CSO  7  4 100 080517.4 080517.3 023 3HOLL
11080519 0025 S13W23 B           10994 BXO  8  6  30 080517.3 080517.3 020 2LEAR
11080519 0630 S12W28 B           10994 CSO  6  4  40 080517.2 080517.3 013 3SVTO
11080519 1433 S12W32 B           10994 BXO  2  4  10 080517.2 080517.3 023 4HOLL
11080520 0252 S13W40 A           10994 AXX  1  1  10 080517.1 080517.3 020 3LEAR
11080520 0615 S12W41 A           10994 AXX  1  1  10 080517.2 080517.3 013 3SVTO
11080520 1417 S12W45 A           10994 AXX  1  1  10 080517.2 080517.3 023 4HOLL
11080516 0042 N19E35 A           10995 AXX  1  1  10 080518.7 080518.5 019 3LEAR
11080516 0800 N12E31 A           10995 AXX  1  1  10 080518.7 080518.5 014 2SVTO
11080516 1830 N14E22 A           10995 AXX  1  1  10 080518.4 080518.5 021 3HOLL
11080517 0115 N12E22 B           10995 BXO  2  4  10 080518.7 080518.5 021 3LEAR
11080517 0748 N10E16 A           10995 AXX  1  1  10 080518.5 080518.5 014 2SVTO
11080516 1830 N13E62 B           10996 BXO  2  6  20 080521.4 080521.4 020 3HOLL
11080517 0115 N08E58 B           10996 BXO  2  5  20 080521.4 080521.4 022 3LEAR
11080517 1848 N12E47 B           10996 BXO  6  5  50 080521.3 080521.4 020 3HOLL
11080518 0100 N08E44 B           10996 BXO  4  5  30 080521.3 080521.4 022 3LEAR
11080518 1425 N12E37 B           10996 BXO  3  2  20 080521.4 080521.4 020 3HOLL
11080519 0025 N08E30 B           10996 BXO  3  3  10 080521.3 080521.4 022 2LEAR
11080519 0630 N08E27 B           10996 BXO  3  4  20 080521.3 080521.4 015 3SVTO
11080519 1433 N09E23 B           10996 BXO  3  4  10 080521.3 080521.4 020 4HOLL
11080520 0252 N08E14 B           10996 BXO  2  2  10 080521.2 080521.4 022 3LEAR
11080520 0615 N11E15 A           10996 AXX  2  2  20 080521.4 080521.4 015 3SVTO
11080525 1600 N07W18 B           10996ACSO  2  2  10 080524.3 080524.3 024 2HOLL
11080525 0711 S08E22 A           10996BAXX  3  2  10 080526.9 080526.9 016 3SVTO
11080525 0749 S08E21 A           10996BAXX  4  2  10 080526.9 080526.9 023 3LEAR
11080526 0615 S08E08 A           10996BAXX  2  1  10 080526.9 080526.9 023 2LEAR
11080526 0843 S08E07 A           10996BAXX  2  1  10 080526.9 080526.9 016 3SVTO
11080605 0302 S12W09 A           10998AAXX  2  1  10 0806 4.4 0806 4.4 025 2LEAR
11080605 0623 S13W11 A           10998AAXX  2  1  10 0806 4.4 0806 4.4 017 3SVTO
11080606 0300 S12W22 A           10998AAXX  1  1  10 0806 4.5 0806 4.4 025 3LEAR
11080609 1822 S09E67 A           10998 AXX  1  1  20 080614.8 080614.9 025 3HOLL
11080610 0158 S10E64 B           10998 BXO  3  4  40 080614.9 080614.9 026 2LEAR
11080610 0540 S09E62 B           10998 BXO  3  5  40 080614.9 080614.9 018 3SVTO
11080610 1637 S09E58 B           10998 CAO  5  4  70 080615.0 080614.9 025 3HOLL
11080611 0533 S10E49 A           10998 HSX  2  2  30 080614.9 080614.9 018 3SVTO
11080611 0702 S10E48 A           10998 HSX  1  1  10 080614.9 080614.9 026 2LEAR
11080611 1445 S08E42 A           10998 HSX  1  1  10 080614.8 080614.9 025 3HOLL
11080612 0109 S09E36 A           10998 AXX  1  1  10 080614.7 080614.9 026 3LEAR
11080612 1135 S09E31 A           10998 AXX  1  1  20 080614.8 080614.9 018 3SVTO
11080612 1510 S08E30 B           10998 CSO  3  4  30 080614.9 080614.9 025 3HOLL
11080613 0100 S09E25 B           10998 BXO  4  1  20 080614.9 080614.9 026 3LEAR
11080613 0700 S10E20 B           10998 CSO  2  2  10 080614.8 080614.9 018 3SVTO
11080616 0403 S02E70 A           10999 AXX  1  1  30 080621.4 080621.3 027 2LEAR
11080616 0700 S03E69 A           10999 AXX  1  1  30 080621.4 080621.3 019 3SVTO
11080616 1653 S02E63 A           10999 AXX  1  1  10 080621.4 080621.3 026 3HOLL
11080617 0029 S03E58 A           10999 HRX  1  1  10 080621.3 080621.3 027 3LEAR
11080617 0817 S02E55 A           10999 HRX  1  1  30 080621.4 080621.3 019 3SVTO
11080617 1550 S03E50 A           10999 HSX  1  1  20 080621.4 080621.3 026 3HOLL
11080618 0059 S04E46 A           10999 AXX  1  1  10 080621.5 080621.3 027 3LEAR
11080618 1352 S03E38 A           10999 HRX  1  1  20 080621.4 080621.3 019 2SVTO
11080618 1515 S03E47 A           10999 HSX  1  1  10 080622.1 080621.3 026 3HOLL
11080619 0040 S04E32 A           10999 AXX  1  1  10 080621.4 080621.3 027 3LEAR
11080619 0515 S02E30 A           10999 AXX  1  1  10 080621.4 080621.3 019 3SVTO
11080619 1623 S02E23 A           10999 AXX  1  1  10 080621.4 080621.3 026 4HOLL
11080620 0127 S02E18 A           10999 HSX  1  1  10 080621.4 080621.3 027 2LEAR
11080620 1020 S02E13 A           10999 HSX  1  1  10 080621.4 080621.3 019 3SVTO
11080620 1654 S02E09 A           10999 HSX  1  1  10 080621.4 080621.3 026 3HOLL
11080621 0317 S02E03 A           10999 HSX  1  1  10 080621.4 080621.3 027 3LEAR
11080621 0710 S02E02 A           10999 HSX  1  1  10 080621.4 080621.3 019 2SVTO
11080621 1517 S02W04 A           10999 HSX  1  1  10 080621.3 080621.3 026 3HOLL
11080622 0205 S02W10 A           10999 AXX  2  1  10 080621.3 080621.3 027 3LEAR
11080622 0655 S02W13 A           10999 HSX  1  1  10 080621.3 080621.3 019 2SVTO
11080622 1459 S02W17 A           10999 HSX  1  1  10 080621.3 080621.3 026 4HOLL
11080624 1550 S06W30 A           10999 AXX  1  1  10 080622.4 080621.3 028 2HOLL
11080622 1459 S01W08 A           10999ACRO  2  2  20 080622.0 080622.0 027 4HOLL
11080718 0731 S14E33 A           11000 AXX  1  1  10 080720.8 080720.6 028 2LEAR
11080718 0914 S12E32 A           11000 HRX  1  1  10 080720.8 080720.6 020 3SVTO
11080719 0150 S13E22 B           11000 BXO  2  2  20 080720.7 080720.6 028 2LEAR
11080719 0720 S12E18 A           11000 AXX  2  2  20 080720.7 080720.6 020 3SVTO
11080720 0158 S12E07 A           11000 AXX  1  1  10 080720.6 080720.6 028 2LEAR
11080821 0844 N17E58 A           11000BAXX  1     10 080825.8 080825.8 021 3SVTO
11080822 1600 N15E41 A           11000BAXX  1  1  10 080825.8 080825.8 029 3HOLL
11080911 0607 N06E23 B           11001 BXO  2  2  10 080913.0 080913.0 029 2LEAR
11080911 0730 N07E23 B           11001 BXO  2  3  20 080913.0 080913.0 022 2SVTO
11080922 0130 N26W12 A           11002 AXX  1  1  10 080921.1 080921.1 030 3LEAR
11080922 0655 N24W21 B           11002 CSO  3  4  30 080920.7 080921.1 023 2SVTO
11080922 1613 N25W23 B           11002 DSO  8  5  40 080920.9 080921.1 030 3HOLL
11080923 0112 N26W28 B           11002 CRI  7  4  30 080920.9 080921.1 030 3LEAR
11080923 0650 N27W32 B           11002 CRO  5  4  30 080920.8 080921.1 023 3SVTO
11080923 1523 N24W35 A           11002 AXX  1  1  10 080920.9 080921.1 030 3HOLL
11080929 1941 S03W34 B           11002ABXO  2  3  10 080927.3 080927.3 032 3HOLL
11080930 0108 S04W37 A           11002AAXX  1  1  10 080927.3 080927.3 031 2LEAR
11080930 0851 S03W42 A           11002AAXX  1  1  10 080927.2 080927.3 024 2SVTO
11080929 1941 N24E22 A           11002BAXX  1  1     0810 1.5 0810 1.6 031 3HOLL
11080930 0108 N23E20 A           11002BAXX  1  1  10 0810 1.6 0810 1.6 032 2LEAR
11081004 0254 S25E38 A           11003 AXX  1  1  10 0810 7.1 0810 7.1 033 3LEAR
11081004 0641 S23E37 A           11003 AXX  3  2  20 0810 7.1 0810 7.1 024 3SVTO
11081004 1717 S20E32 A           11003 AXX  1  1  10 0810 7.2 0810 7.1 033 2HOLL
11081009 1525 S08E02 A           11004 AXX  1     10 0810 9.8 0810 9.8 025 3SVTO
11081009 1640 S08E01 A           11004 AXX  1  1  10 0810 9.8 0810 9.8 034 3HOLL
11081010 0018 S08W05 A           11004 AXX  1  1  10 0810 9.6 0810 9.8 034 3LEAR
11081010 0715 S08W08 A           11004 AXX  2  1  10 0810 9.7 0810 9.8 025 3SVTO
11081016 0016 S27W53 B           11006 BXO  2  4  30 081011.9 081011.9 036 3LEAR
11081016 1000 S27W56 A           11006 AXX  1  1  10 081012.0 081011.9 027 2SVTO
11081016 1658 S27W58 A           11006 AXX  1  1  10 081012.2 081011.9 036 3HOLL
11081017 0217 S23W69 A           11006 AXX  1  1  30 081011.8 081011.9 036 3LEAR
11081017 1100 S29W70 A           11006 AXX  1  1  30 081012.0 081011.9 027 3SVTO
11081011 0209 N26E54 B           11005 BXI  6  3  40 081015.3 081014.9 035 3LEAR
11081012 0140 N27E40 B           11005 CRO  6  5  40 081015.2 081014.9 035 3LEAR
11081012 0635 N27E38 B           11005 CRO  7  5  60 081015.2 081014.9 026 3SVTO
11081012 1716 N28E31 B           11005 DSO  6  8 120 081015.1 081014.9 035 3HOLL
11081013 0149 N27E26 B           11005 CSO  7  8  40 081015.1 081014.9 035 3LEAR
11081013 0705 N27E24 B           11005 CSO  5  7  30 081015.2 081014.9 026 2SVTO
11081013 1557 N25E15 B           11005 CSO  4  3  50 081014.8 081014.9 035 3HOLL
11081014 0114 N27E10 B           11005 BXO  4  3  20 081014.8 081014.9 035 3LEAR
11081014 0730 N26E07 B           11005 CSO  4  4  30 081014.8 081014.9 026 2SVTO
11081015 0247 N26W04 B           11005 CRO  3  3  20 081014.8 081014.9 035 2LEAR
11081015 0920 N26W08 B           11005 CRO  3  4  30 081014.8 081014.9 026 2SVTO
11081015 1651 N25W12 B           11005 BXO  3  4  30 081014.8 081014.9 035 3HOLL
11081016 0016 N26W15 B           11005 BXO  3  3  30 081014.8 081014.9 035 3LEAR
11081016 1000 N26W23 B           11005 BXO  3  4  20 081014.6 081014.9 026 2SVTO
11081030 1758 N35E18 B           11007 BXO  3  4  20 0811 1.2 0811 1.1 037 3HOLL
11081031 0107 N34E15 B           11007 BXO  7  3  20 0811 1.2 0811 1.1 037 3LEAR
11081031 0745 N35E13 B           11007 DSO  5  4  30 0811 1.4 0811 1.1 029 3SVTO
11081031 1630 N35E05 B           11007 BXO  9  7  60 0811 1.1 0811 1.1 037 3HOLL
11081101 0006 N35E03 B           11007 BXO  6  7  20 0811 1.2 0811 1.2 037 3LEAR
11081101 1810 N35W10 B           11007 BXO  3  6  30 081031.9 0811 1.2 037 3HOLL
11081102 0047 N35W11 BG          11007 BXI  6  8  40 0811 1.1 0811 1.2 037 3LEAR
11081102 0745 N35W17 B           11007 BXI  7  6  80 0811 1.0 0811 1.2 029 3SVTO
11081102 1525 N34W23 B           11007 DSO  8  6  50 081031.8 0811 1.2 037 3HOLL
11081103 0222 N35W26 BG          11007 DRO  7  8  90 0811 1.0 0811 1.2 037 2LEAR
11081103 0222 N35W26 BG          11007 DRO  9  8  60 0811 1.0 0811 1.2 037 2LEAR
11081103 0940 N36W31 B           11007 DSO  7  8  80 081031.9 0811 1.2 030 3SVTO
11081103 1604 N35W35 B           11007 DSI  8  9  70 081031.9 0811 1.2 037 3HOLL
11081104 0121 N36W40 B           11007 CSO  4 11  60 081031.8 0811 1.2 037 3LEAR
11081104 0837 N36W45 B           11007 CSO  3 12  40 081031.7 0811 1.2 030 2SVTO
11081104 1713 N35W48 B           11007 CAO  5 12  80 081031.9 0811 1.2 037 3HOLL
11081105 0137 N35W59 A           11007 HSX  1  1  30 081031.3 0811 1.2 037 3LEAR
11081105 0715 N35W65 A           11007 AXX  1  1  20 081031.1 0811 1.2 030 2SVTO
11081105 1831 N35W70 B           11007 CAO  1  3  30 081031.2 0811 1.2 037 2HOLL
11081105 1831 N35W70 B           11007 CAO  1  3  30 081031.2 0811 1.2 037 3HOLL
11081106 0123 N35W72 A           11007 AXX  1  1  30 081031.3 0811 1.2 037 3LEAR
11081110 2020 N33E03 B           11008 DSO  6  3  40 081111.1 081111.1 038 2HOLL
11081111 0003 N33E04 B           11008 BXO  7  5  50 081111.3 081111.1 038 3LEAR
11081111 0715 N33E03 B           11008 BXO  7  6  80 081111.5 081111.1 031 3SVTO
11081111 1651 N33W06 B           11008 DSO  9  7  90 081111.2 081111.1 038 3HOLL
11081112 0145 N33W12 B           11008 DSO 13  7  70 081111.1 081111.1 038 3LEAR
11081112 1110 N34W17 B           11008 CSO 10  9  70 081111.1 081111.1 031 3SVTO
11081112 1704 N33W20 B           11008 CSO  9  9 100 081111.1 081111.1 038 3HOLL
11081112 1704 N33W20 B           11008 DSO  9  9 100 081111.1 081111.1 038 3HOLL
11081113 0144 N33W24 B           11008 CAO  6  8  80 081111.2 081111.1 038 3LEAR
11081113 1700 N32W38 A           11008 HSX  1  2  60 081110.7 081111.1 038 2HOLL
11081114 0124 N33W41 B           11008 CRO  2  1  30 081110.8 081111.1 038 3LEAR
11081114 1045 N33W46 A           11008 HSX  1  2  30 081110.8 081111.1 031 2SVTO
11081115 0143 N33W54 A           11008 AXX  1  1  30 081110.8 081111.1 038 3LEAR
11081115 1717 N32W62 A           11008 HSX  1  2  60 081110.8 081111.1 038 3HOLL
11081116 0145 N33W66 A           11008 AXX  1  1  20 081110.8 081111.1 038 3LEAR
11081116 1210 N33W72 A           11008 HSX  1  2  40 081110.8 081111.1 031 2SVTO
11081116 1630 N32W73 A           11008 HSX  1  2  60 081110.9 081111.1 038 3HOLL
11081117 0032 N33W79 A           11008 AXX  1  2  50 081110.7 081111.1 038 3LEAR
11081119 2241 N03W02 A           11008AAXX  1  1  10 081119.8 081119.8 039 3HOLL
11081209 2224 S26W43 A           11009 AXX  1  1  10 0812 6.6 0812 6.6 040 3HOLL
11081210 0109 S26W47 B           11009 BXO  2  3  30 0812 6.4 0812 6.6 039 3LEAR
11081210 0955 S27W54 B           11009 CSO  2  4  40 0812 6.2 0812 6.6 032 2SVTO
11081210 1626 S26W55 B           11009 DSO  3  7  50 0812 6.4 0812 6.6 040 3HOLL
11081211 0202 S25W61 B           11009 BXO  2  5  60 0812 6.3 0812 6.6 039 3LEAR
11081212 0120 S25W78 B           11009 BXO  4  2  70 0812 6.0 0812 6.6 039 3LEAR