11070101 0157 S03E65 B           10933 CAO  4  9 220 0701 5.9 0701 5.9 111 2LEAR
11070101 1002 S05E55 B           10933 CAO  2  4 150 0701 5.5 0701 5.9 078 1SVTO
11070101 1936 S06E56 B           10933 DSO  7  8 230 0701 6.0 0701 5.9 111 2HOLL
11070102 0100 S02E52 B           10933 DAI  8  8 270 0701 5.9 0701 5.9 111 2LEAR
11070102 1406 S04E45 B           10933 DHO  3  9 310 0701 5.9 0701 5.9 078 2SVTO
11070102 2020 S04E44 BG          10933 DHI  8  9 340 0701 6.1 0701 5.9 111 3HOLL
11070103 0202 S04E38 B           10933 CAI  5  9 330 0701 5.9 0701 5.9 111 2LEAR
11070103 1243 S04E32 B           10933 DHO  5  9 290 0701 5.9 0701 5.9 078 3SVTO
11070103 1555 S04E32 B           10933 CKO  6  9 330 0701 6.0 0701 5.9 111 2HOLL
11070104 0221 S03E24 B           10933 CAO  5  8 220 0701 5.9 0701 5.9 111 3LEAR
11070104 0850 S05E22 B           10933 DAO  4  8 150 0701 6.0 0701 5.9 078 3SVTO
11070104 1744 S03E16 B           10933 DAO  4  3 280 0701 5.9 0701 5.9 111 3HOLL
11070105 0043 S03E12 B           10933 DAO 11 10 250 0701 5.9 0701 5.9 111 3LEAR
11070105 2029 S04E04 B           10933 DHO  6  9 310 0701 6.1 0701 5.9 111 3HOLL
11070106 0054 S04W02 B           10933 CAO  2  9 210 0701 5.9 0701 5.9 111 3LEAR
11070106 0840 S05W07 A           10933 HAX  2  4 120 0701 5.8 0701 5.9 078 3SVTO
11070106 2146 S05W12 B           10933 CHO  6 10 320 0701 6.0 0701 5.9 111 3HOLL
11070107 0445 S05W13 B           10933 CAO  4 16 200 0701 6.2 0701 5.9 111 3LEAR
11070107 0851 S05W22 A           10933 HAX  2  4 120 0701 5.7 0701 5.9 078 2SVTO
11070107 1608 S06W26 A           10933 HKX  1  3 180 0701 5.7 0701 5.9 111 2HOLL
11070108 0150 S05W31 A           10933 HHX  1  3 210 0701 5.7 0701 5.9 111 2LEAR
11070108 1603 S05W40 B           10933 CKI  8  7 240 0701 5.7 0701 5.9 111 3HOLL
11070109 0112 S06W44 B           10933 DHI  5  5 310 0701 5.7 0701 5.9 111 2LEAR
11070110 0108 S04W58 B           10933 DHI  7  5 340 0701 5.7 0701 5.9 111 2LEAR
11070110 0859 S05W62 B           10933 DSO  5  7 270 0701 5.7 0701 5.9 078 2SVTO
11070110 1610 S04W66 B           10933 CAO  4  4 150 0701 5.7 0701 5.9 111 4HOLL
11070111 0018 S05W72 A           10933 HAX  3  3 180 0701 5.6 0701 5.9 111 2LEAR
11070111 0901 S05W77 A           10933 HSX  1  3  30 0701 5.6 0701 5.9 078 3SVTO
11070111 1725 S05W80 A           10933 HHX  1 14 120 0701 5.7 0701 5.9 111 2HOLL
11070112 0029 S06W82 A           10933 HAX  1  4 110 0701 5.9 0701 5.9 111 3LEAR
11070101 0157 N03E62 A           10934 HAX  2  1  40 0701 5.7 0701 5.7 001 2LEAR
11070101 1002 N03E58 A           10934 HSX  1  2  40 0701 5.7 0701 5.7 001 1SVTO
11070101 1936 N04E54 A           10934 HAX  2  2  40 0701 5.8 0701 5.7 112 2HOLL
11070102 0100 N06E50 A           10934 HAO  7  2  50 0701 5.8 0701 5.7 001 2LEAR
11070102 1406 N04E42 A           10934 HSX  1  1  20 0701 5.7 0701 5.7 001 2SVTO
11070102 2020 N05E38 B           10934 CSO  3  2  60 0701 5.7 0701 5.7 112 3HOLL
11070103 0202 N04E36 A           10934 AXX  1  1  10 0701 5.8 0701 5.7 001 2LEAR
11070103 1243 N03E30 A           10934 HSX  2  1  30 0701 5.8 0701 5.7 001 3SVTO
11070103 1555 N04E28 A           10934 HRX  3  1  10 0701 5.7 0701 5.7 112 2HOLL
11070104 0221 N04E22 A           10934 AXX  1  1  20 0701 5.7 0701 5.7 001 3LEAR
11070104 0850 N04E19 A           10934 HSX  1  1  20 0701 5.8 0701 5.7 001 3SVTO
11070104 1744 N05E13 B           10934 CSO  3 10  60 0701 5.7 0701 5.7 112 3HOLL
11070105 0043 N04E10 A           10934 HRX  2  1  20 0701 5.8 0701 5.7 001 3LEAR
11070105 2029 N04W02 B           10934 CSO  2  1  10 0701 5.7 0701 5.7 112 3HOLL
11070106 0054 N03W03 A           10934 HRX  2  1  10 0701 5.8 0701 5.7 001 3LEAR
11070106 0840 N03W06 A           10934 HSX  1  1  10 0701 5.9 0701 5.7 001 3SVTO
11070106 2146 N03W15 A           10934 HSX  2  2  10 0701 5.8 0701 5.7 112 3HOLL
11070107 0445 N03W19 A           10934 AXX  1  1  10 0701 5.8 0701 5.7 001 3LEAR
11070107 0851 N02W21 A           10934 HSX  1  1  10 0701 5.8 0701 5.7 001 2SVTO
11070107 1608 N03W25 A           10934 AXX  1  1  10 0701 5.8 0701 5.7 112 2HOLL
11070101 1936 S08E78 A           10935 HAX  1  2  60 0701 7.7 0701 7.8 113 2HOLL
11070102 0100 S06E75 A           10935 HAO  1  3 180 0701 7.6 0701 7.8 002 2LEAR
11070102 1406 S06E69 A           10935 HSX  1  2 100 0701 7.7 0701 7.8 002 2SVTO
11070102 2020 S06E65 B           10935 CAO  3  5 100 0701 7.7 0701 7.8 113 3HOLL
11070103 0202 S06E63 A           10935 HSX  1  4 340 0701 7.8 0701 7.8 002 2LEAR
11070103 1243 S07E57 A           10935 HHX  1  3 230 0701 7.8 0701 7.8 002 3SVTO
11070103 1555 S06E55 A           10935 HHX  1  3 170 0701 7.8 0701 7.8 113 2HOLL
11070104 0221 S05E48 A           10935 HSX  1  3 280 0701 7.7 0701 7.8 002 3LEAR
11070104 0850 S07E45 A           10935 HSX  1  4 280 0701 7.7 0701 7.8 002 3SVTO
11070104 1744 S05E40 A           10935 HHX  1  4 260 0701 7.7 0701 7.8 113 3HOLL
11070105 0043 S05E36 A           10935 HAX  1  3 240 0701 7.7 0701 7.8 002 3LEAR
11070105 2029 S05E25 A           10935 HHX  1  3 220 0701 7.7 0701 7.8 113 3HOLL
11070106 0054 S06E22 A           10935 HAX  1  3 220 0701 7.7 0701 7.8 002 3LEAR
11070106 0840 S06E18 A           10935 HSX  1  4 220 0701 7.7 0701 7.8 002 3SVTO
11070106 2146 S06E12 B           10935 CHO  2  4 180 0701 7.8 0701 7.8 113 3HOLL
11070107 0445 S06E07 A           10935 HAX  1  3 220 0701 7.7 0701 7.8 002 3LEAR
11070107 0851 S07E05 A           10935 HHX  1  4 220 0701 7.7 0701 7.8 002 2SVTO
11070107 1608 S08E02 B           10935 DKO  2  4 250 0701 7.8 0701 7.8 113 2HOLL
11070108 0150 S07W04 A           10935 HHX  1  3 270 0701 7.8 0701 7.8 002 2LEAR
11070108 1603 S07W12 A           10935 HKX  1  3 240 0701 7.8 0701 7.8 113 3HOLL
11070109 0112 S08W16 A           10935 HHX  1  3 230 0701 7.8 0701 7.8 002 2LEAR
11070110 0108 S07W29 A           10935 HHX  1  3 250 0701 7.9 0701 7.8 002 2LEAR
11070110 0859 S08W34 A           10935 HSX  1  3 200 0701 7.8 0701 7.8 002 2SVTO
11070110 1610 S07W37 A           10935 HKX  1  3 240 0701 7.9 0701 7.8 113 4HOLL
11070111 0018 S08W42 A           10935 HAX  1  3 210 0701 7.9 0701 7.8 002 2LEAR
11070111 0901 S08W46 A           10935 HSX  1  3 140 0701 7.9 0701 7.8 002 3SVTO
11070111 1725 S08W51 A           10935 HHX  1  5 150 0701 7.9 0701 7.8 113 2HOLL
11070112 0029 S08W55 A           10935 HAX  1  3 170 0701 7.9 0701 7.8 002 3LEAR
11070112 1142 S07W61 A           10935 HSX  1  4 200 0701 7.9 0701 7.8 002 3SVTO
11070112 1638 S07W64 A           10935 HSX  1  2 180 0701 7.9 0701 7.8 113 3HOLL
11070113 0100 S08W68 A           10935 HAX  1  3 200 0701 7.9 0701 7.8 002 2LEAR
11070113 0853 S07W73 A           10935 HSX  1  4 200 0701 7.9 0701 7.8 002 3SVTO
11070113 1804 S08W78 A           10935 HAX  1  2 160 0701 7.9 0701 7.8 113 3HOLL
11070114 0400 S08W80 A           10935 HAX  1  2 180 0701 8.2 0701 7.8 002 2LEAR
11070105 0043 N10E66 A           10936 AXX  1  1  20 070110.0 070110.3 003 3LEAR
11070105 2029 N11E56 B           10936 CSO  2  2  20 070110.1 070110.3 114 3HOLL
11070106 0054 N10E53 A           10936 HRX  2  1  20 070110.0 070110.3 003 3LEAR
11070106 2146 N10E43 B           10936 CSO  2  3  20 070110.1 070110.3 114 3HOLL
11070107 0445 N11E37 A           10936 AXX  1  1  10 070110.0 070110.3 003 3LEAR
11070107 1608 N10E32 A           10936 AXX  1  1  10 070110.1 070110.3 114 2HOLL
11070108 0150 N10E27 A           10936 AXX  1  1  10 070110.1 070110.3 003 2LEAR
11070111 0018 N14W09 A           10936 AXX  1  1  10 070110.3 070110.3 003 2LEAR
11070107 1608 S13E24 A           10937 AXX  1  1  10 0701 9.5 0701 9.5 115 2HOLL
11070108 0150 S14E19 A           10937 AXX  1  1  10 0701 9.5 0701 9.5 004 2LEAR
11070108 1603 S14E11 B           10937 CSO  2  4  30 0701 9.5 0701 9.5 115 3HOLL
11070109 0112 S12E06 B           10937 BXO  5  5  20 0701 9.5 0701 9.5 004 2LEAR
11070110 0108 S12W08 B           10937 BXO  4  4  50 0701 9.4 0701 9.5 004 2LEAR
11070110 0859 S14W14 B           10937 BXO  2  2  20 0701 9.3 0701 9.5 003 2SVTO
11070110 1610 S14W17 B           10937 CSO  2  3  10 0701 9.4 0701 9.5 115 4HOLL
11070111 0018 S14W23 A           10937 HRX  2  1  20 0701 9.3 0701 9.5 004 2LEAR
11070111 0901 S14W27 A           10937 HRX  1  1  10 0701 9.3 0701 9.5 003 3SVTO
11070111 1725 S15W33 A           10937 HSX  1  2  40 0701 9.2 0701 9.5 115 2HOLL
11070112 0029 S14W37 A           10937 AXX  1  1  10 0701 9.2 0701 9.5 004 3LEAR
11070112 1142 S13W43 A           10937 HRX  1  1  10 0701 9.2 0701 9.5 003 3SVTO
11070112 1638 S13W47 A           10937 HSX  1  1  20 0701 9.1 0701 9.5 115 3HOLL
11070113 0100 S14W50 A           10937 AXX  1  1  20 0701 9.3 0701 9.5 004 2LEAR
11070112 1638 N02E79 B           10938 DSO  6  4  70 070118.6 070118.9 001 3HOLL
11070113 0100 N04E73 B           10938 DSO  3  3  80 070118.5 070118.9 006 2LEAR
11070113 0853 N03E69 B           10938 CSO  3  4  70 070118.5 070118.9 004 3SVTO
11070113 1804 N01E63 B           10938 DAO  5  7 170 070118.4 070118.9 001 3HOLL
11070114 0400 N04E58 B           10938 DSO  3  2  40 070118.5 070118.9 006 2LEAR
11070114 0855 N04E55 B           10938 CSO  2  2  30 070118.5 070118.9 004 2SVTO
11070114 1910 N02E50 BG          10938 DSI 10  6 230 070118.5 070118.9 001 3HOLL
11070115 0255 N06E46 B           10938 BXO 11  8  50 070118.6 070118.9 006 2LEAR
11070115 1602 N03E38 BG          10938 DSI  6  7 110 070118.5 070118.9 001 3HOLL
1107011510930 N03E41 B           10938 CSO  3  3  40 070118.4 070118.9 004 3SVTO
11070116 0038 N03E33 B           10938 BXI 14  8  50 070118.5 070118.9 006 3LEAR
11070116 0916 N04E27 B           10938 BXO  3  5  30 070118.4 070118.9 004 2SVTO
11070116 1603 N03E25 BG          10938 DSI  5  8 110 070118.5 070118.9 001 2HOLL
11070117 0050 N03E21 B           10938 BXI 10  8  10 070118.6 070118.9 006 3LEAR
11070117 1215 N03E16 A           10938 HRX  3  3  10 070118.7 070118.9 004 2SVTO
11070117 2008 N01E10 B           10938 BXO  6 12  20 070118.6 070118.9 001 2HOLL
11070118 0040 N01E06 B           10938 BXI 13 12  30 070118.5 070118.9 006 3LEAR
11070119 0236 N07W02 B           10938 CRO  5 12  30 070118.9 070118.9 006 2LEAR
11070120 0100 N03W15 B           10938 DAO  6  5  40 070118.9 070118.9 006 3LEAR
11070120 0825 N04W20 A           10938 AXX  3  2  10 070118.8 070118.9 004 3SVTO
11070124 1849 N03W67 B           10938 DAI  8  6  80 070119.8 070118.9 001 2HOLL
11070120 0825 S03W08 B           10939 CSO  6  4  50 070119.7 070119.6 006 3SVTO
11070120 2003 S03W16 BG          10939 DAC 10  4 140 070119.6 070119.6 002 3HOLL
11070121 0122 S04W18 B           10939 DAO  9  4  70 070119.7 070119.6 007 2LEAR
11070121 1025 S04W23 B           10939 DSO  7  5  70 070119.7 070119.6 006 3SVTO
11070121 1605 S03W26 BG          10939 DAC  7  5 180 070119.7 070119.6 002 3HOLL
11070122 0322 S04W32 BD          10939 DAO 14  5 150 070119.7 070119.6 007 2LEAR
11070122 1330 S04W38 B           10939 DSO 12  5 100 070119.7 070119.6 006 3SVTO
11070123 0045 S03W43 B           10939 DAI 12  5 160 070119.8 070119.6 007 3LEAR
11070123 1701 S03W53 B           10939 DAI  4  6 180 070119.7 070119.6 002 3HOLL
11070124 0124 S05W57 B           10939 DAO  5  5 180 070119.8 070119.6 007 3LEAR
11070124 1006 S04W63 B           10939 DSO  4  6 140 070119.7 070119.6 006 3SVTO
11070125 0135 S05W70 B           10939 DAI  5  5 100 070119.8 070119.6 007 2LEAR
11070125 0955 S07W77 A           10939 AXX  1  2  30 070119.6 070119.6 006 3SVTO
11070126 0350 S06E88 A           10940 HAX  1  1 120 0702 1.7 0702 1.5 008 3LEAR
11070127 0020 S03E75 A           10940 HAX  1  2 160 0702 1.6 0702 1.5 008 2LEAR
11070127 0922 S06E71 A           10940 HSX  1  4 160 0702 1.7 0702 1.5 007 3SVTO
11070127 1512 S06E65 A           10940 HHX  1  5 180 0702 1.5 0702 1.5 003 3HOLL
11070128 0023 S04E63 A           10940 HAX  2  3 180 0702 1.7 0702 1.5 008 2LEAR
11070128 0825 S05E58 A           10940 HSX  1  3 170 0702 1.7 0702 1.5 007 3SVTO
11070128 1501 S07E52 B           10940 DHO  3  7 180 0702 1.5 0702 1.5 003 3HOLL
11070129 0105 S04E47 B           10940 DAO  6  6 200 0702 1.5 0702 1.5 008 3LEAR
11070129 0925 S04E43 B           10940 DSO  5  5 170 0702 1.6 0702 1.5 007 3SVTO
11070129 1633 S08E38 BG          10940 DHC  7  8 340 0702 1.5 0702 1.5 003 3HOLL
11070130 0144 S03E33 BG          10940 DAI 17  7 280 0702 1.5 0702 1.5 008 3LEAR
11070130 0915 S05E29 B           10940 DHO  7  7 280 0702 1.5 0702 1.5 007 3SVTO
11070131 0105 S02E23 BG          10940 EKI 16 12 270 0702 1.8 0702 1.5 008 3LEAR
11070131 0915 S04E15 B           10940 DSO  7  7 250 0702 1.5 0702 1.5 007 3SVTO
11070131 1545 S05E12 B           10940 DHC 10 10 350 0702 1.5 0702 1.5 003 3HOLL
11070129 0105 S07E81 B           10941 CAO  2  3  60 0702 4.1 0702 4.1 009 3LEAR
11070129 0925 S08E78 A           10941 HSX  1  2 120 0702 4.2 0702 4.1 008 3SVTO
11070129 1633 S12E71 A           10941 HHX  1  7 160 0702 4.0 0702 4.1 004 3HOLL
11070130 0144 S05E68 A           10941 HSX  1  2 140 0702 4.1 0702 4.1 009 3LEAR
11070130 0915 S08E64 A           10941 HSX  1  3 120 0702 4.2 0702 4.1 008 3SVTO
11070131 0105 S06E55 A           10941 HSX  1  2 120 0702 4.2 0702 4.1 009 3LEAR
11070131 0915 S08E51 A           10941 HSX  1  2 120 0702 4.2 0702 4.1 008 3SVTO
11070131 1545 S10E46 A           10941 HHX  1  3 210 0702 4.1 0702 4.1 004 3HOLL
11070130 0144 N07W24 A           10941AAXX  1  1  10 070128.3 070128.3 010 3LEAR
11070129 0925 S08W17 A           10941BAXX  1        070128.1 070128.1 009 3SVTO
11070201 0055 S03E06 B           10940 DHI 11  6 300 0702 1.5 0702 1.5 008 2LEAR
11070201 1130 S04E00 B           10940 DSO  8  8 270 0702 1.5 0702 1.5 007 2SVTO
11070201 1817 S04W05 B           10940 DSO 12  7 220 0702 1.4 0702 1.5 003 2HOLL
11070202 0233 S03W09 B           10940 DHI 18  8 300 0702 1.4 0702 1.5 008 2LEAR
11070202 0835 S04W11 B           10940 DSO  6  8 190 0702 1.5 0702 1.5 007 3SVTO
11070202 1956 S05W16 B           10940 DHI 23  9 210 0702 1.6 0702 1.5 003 3HOLL
11070203 0103 S04W19 B           10940 DAI 17  8 220 0702 1.6 0702 1.5 008 3LEAR
11070203 0842 S05W24 B           10940 DSO 10  8 200 0702 1.6 0702 1.5 007 3SVTO
11070203 1635 S04W27 BG          10940 DHI 14  8 200 0702 1.7 0702 1.5 003 3HOLL
11070204 0036 S06W32 B           10940 CSO  9  8 190 0702 1.6 0702 1.5 008 3LEAR
11070204 0851 S04W38 B           10940 DSO  5  7 180 0702 1.5 0702 1.5 007 2SVTO
11070204 1549 S04W40 B           10940 DHO  7  5 200 0702 1.7 0702 1.5 003 3HOLL
11070205 0145 S06W46 B           10940 CAO  5  7 220 0702 1.6 0702 1.5 008 3LEAR
11070205 0950 S05W53 B           10940 CSO  3  5 160 0702 1.4 0702 1.5 007 2SVTO
11070205 1613 S04W54 B           10940 DHO  3  9 140 0702 1.6 0702 1.5 003 3HOLL
11070206 0742 S06W62 B           10940 CSO  2  5 150 0702 1.7 0702 1.5 008 3LEAR
11070206 0940 S04W64 A           10940 HSX  1  2 120 0702 1.6 0702 1.5 007 3SVTO
11070206 2025 S03W65 B           10940 DKO  3 11 160 0702 2.0 0702 1.5 003 3HOLL
11070207 0525 S06W75 A           10940 HSX  1  3 120 0702 1.6 0702 1.5 008 3LEAR
11070207 1819 S04W80 A           10940 HAX  1  1 120 0702 1.8 0702 1.5 003 4HOLL
11070208 0118 S06W86 A           10940 HSX  1  2 120 0702 1.6 0702 1.5 008 4LEAR
11070201 0055 S06E41 A           10941 HSX  1  2 180 0702 4.1 0702 4.2 009 2LEAR
11070201 1130 S08E35 A           10941 HSX  1  2 120 0702 4.1 0702 4.2 008 2SVTO
11070201 1817 S07E31 A           10941 HSX  1  2 130 0702 4.1 0702 4.2 004 2HOLL
11070202 0233 S06E28 A           10941 HSX  1  2 160 0702 4.2 0702 4.2 009 2LEAR
11070202 0835 S07E25 A           10941 HSX  1  2 120 0702 4.2 0702 4.2 008 3SVTO
11070202 1956 S08E19 A           10941 HHO  2  3 150 0702 4.2 0702 4.2 004 3HOLL
11070203 0103 S07E16 A           10941 HAX  1  2 160 0702 4.2 0702 4.2 009 3LEAR
11070203 0842 S08E12 A           10941 HAX  1  2 110 0702 4.3 0702 4.2 008 3SVTO
11070203 1635 S07E09 A           10941 HHX  2  3 150 0702 4.4 0702 4.2 004 3HOLL
11070204 0036 S08E02 A           10941 HSX  1  2 100 0702 4.2 0702 4.2 009 3LEAR
11070204 0851 S07W02 A           10941 HSX  1  2 100 0702 4.2 0702 4.2 008 2SVTO
11070204 1549 S07W05 A           10941 HHX  1  2 150 0702 4.3 0702 4.2 004 3HOLL
11070205 0145 S07W11 A           10941 HSX  1  2 150 0702 4.2 0702 4.2 009 3LEAR
11070205 0950 S07W15 A           10941 HSX  1  2 100 0702 4.3 0702 4.2 008 2SVTO
11070205 1613 S07W19 A           10941 HHX  1  3 110 0702 4.2 0702 4.2 004 3HOLL
11070206 0742 S08W28 A           10941 HSX  1  2 160 0702 4.2 0702 4.2 009 3LEAR
11070206 0940 S07W28 A           10941 HHX  1  3 220 0702 4.3 0702 4.2 008 3SVTO
11070206 2025 S05W35 A           10941 HHX  1  4 150 0702 4.2 0702 4.2 004 3HOLL
11070207 0525 S07W39 A           10941 HSX  1  3 130 0702 4.3 0702 4.2 009 3LEAR
11070207 1819 S07W48 A           10941 HSX  2  2 110 0702 4.2 0702 4.2 004 4HOLL
11070208 0118 S07W50 A           10941 HSX  1  2 120 0702 4.3 0702 4.2 009 4LEAR
11070208 0937 S07W56 A           10941 HSX  1  3 120 0702 4.2 0702 4.2 008 3SVTO
11070208 1625 S07W61 A           10941 HSX  1  2 110 0702 4.1 0702 4.2 004 2HOLL
11070209 0015 S07W63 A           10941 HSX  1  2 120 0702 4.3 0702 4.2 009 3LEAR
11070209 1529 S06W73 A           10941 HHX  1  5 100 0702 4.2 0702 4.2 004 3HOLL
11070210 0020 S07W76 A           10941 HSX  1  2 120 0702 4.3 0702 4.2 009 3LEAR
11070210 0020 S11W03 A           10941AAXX  1  1  10 0702 9.8 0702 9.8 011 3LEAR
11070219 0038 S12E15 B           10943 BXO  2  2  20 070220.1 070220.2 013 2LEAR
11070219 1914 S12E06 B           10943 CAO  4  4  70 070220.2 070220.2 006 3HOLL
11070220 0251 S12E01 B           10943 BXO  3  3  40 070220.2 070220.2 013 2LEAR
11070216 1841 S13E71 B           10942 CRO  2  3  60 070222.1 070222.4 005 3HOLL
11070217 0400 S11E65 A           10942 AXX  1  1  20 070222.0 070222.4 012 2LEAR
11070217 1145 S10E62 A           10942 AXX  1        070222.1 070222.4 010 3SVTO
11070217 1536 S12E58 A           10942 HSX  1  2  30 070222.0 070222.4 005 3HOLL
11070218 0044 S11E53 A           10942 AXX  1  1  30 070222.0 070222.4 012 2LEAR
11070218 1921 S12E43 B           10942 CSO  2  3  50 070222.0 070222.4 005 2HOLL
11070219 0038 S11E41 B           10942 BXO  4  2  50 070222.1 070222.4 012 2LEAR
11070219 1914 S12E30 B           10942 CSO  3  2  60 070222.1 070222.4 005 3HOLL
11070220 0251 S11E26 B           10942 BXO  4  2  40 070222.1 070222.4 012 2LEAR
11070220 2306 S12E24 B           10942 CSO  5  9  70 070222.8 070222.4 005 2HOLL
11070221 0455 S11E16 B           10942 CRO  4  9  20 070222.4 070222.4 012 3LEAR
11070221 0925 S12E08 B           10942 CSO  3  3  20 070222.0 070222.4 010 2SVTO
11070221 1601 S11E10 B           10942 DSO  4  9  80 070222.4 070222.4 005 3HOLL
11070222 0048 S10E05 B           10942 BXO  4  8  20 070222.4 070222.4 012 3LEAR
11070222 2105 S11W11 A           10942 AXX  1  1  10 070222.0 070222.4 005 3HOLL
11070223 0351 S11W15 A           10942 AXX  1  1  10 070222.0 070222.4 012 3LEAR
11070222 2105 S10E75 A           10944 HHX  1  3 120 070228.5 070228.7 006 3HOLL
11070223 0351 S05E71 A           10944 HSX  1  3 120 070228.5 070228.7 014 3LEAR
11070223 0759 S07E71 A           10944 HSX  1  4 100 070228.6 070228.7 011 2SVTO
11070224 0100 S05E61 A           10944 HAX  1  2  80 070228.6 070228.7 014 3LEAR
11070224 0933 S08E57 A           10944 HSX  1  4 100 070228.7 070228.7 011 2SVTO
11070224 1524 S10E53 A           10944 HSX  1  2 100 070228.6 070228.7 006 2HOLL
11070225 0222 S08E48 A           10944 HAX  1  3 120 070228.7 070228.7 014 3LEAR
11070225 1020 S08E43 A           10944 HSX  1  3 100 070228.6 070228.7 011 3SVTO
11070225 1810 S08E42 A           10944 HSX  3  3 110 070228.9 070228.7 006 3HOLL
11070226 0917 S06E30 A           10944 HSX  1  2 110 070228.6 070228.7 014 1LEAR
11070226 1612 S07E26 A           10944 HKX  1  3 110 070228.6 070228.7 006 3HOLL
11070227 0228 S06E22 A           10944 HSX  1  2 100 070228.7 070228.7 014 4LEAR
11070227 1847 S06E14 B           10944 CSO  3  5 130 070228.8 070228.7 006 3HOLL
11070228 0126 S06E08 A           10944 HSX  1  2 120 070228.6 070228.7 014 3LEAR
11070228 0848 S06E04 A           10944 HSX  1  2  80 070228.7 070228.7 011 2SVTO
11070228 1912 S07W01 A           10944 HSX  2  3  80 070228.7 070228.7 006 2HOLL
11070225 1810 S08E79 A           10945 HAX  1  1  10 0703 3.7 0703 3.5 007 3HOLL
11070226 0917 S05E68 A           10945 AXX  1  1  20 0703 3.5 0703 3.5 015 1LEAR
11070226 1612 S07E64 A           10945 HSX  1  2  20 0703 3.5 0703 3.5 007 3HOLL
11070227 0228 S05E59 A           10945 AXX  2  1  20 0703 3.5 0703 3.5 015 4LEAR
11070227 1847 S07E52 A           10945 AXX  2  2  20 0703 3.7 0703 3.5 007 3HOLL
11070228 0126 S05E46 A           10945 AXX  1  1  30 0703 3.5 0703 3.5 015 3LEAR
11070302 1620 S03W67 A           10944AAXX  1  1  20 070225.8 070225.8 009 3HOLL
11070301 0107 S06W04 A           10944 HSX  2  3 110 070228.7 070228.7 014 3LEAR
11070301 0825 S06W09 A           10944 HSX  1  2  60 070228.7 070228.7 011 3SVTO
11070301 1618 S05W13 A           10944 HSX  1  2  90 070228.7 070228.7 006 3HOLL
11070302 0225 S06W18 A           10944 HSX  1  2 100 070228.7 070228.7 014 2LEAR
11070302 0918 S06W23 A           10944 HSX  1  2  70 070228.7 070228.7 011 3SVTO
11070302 1620 S04W27 A           10944 HHX  1  3 110 070228.7 070228.7 006 3HOLL
11070303 0110 S07W31 A           10944 HAX  1  1  90 070228.7 070228.7 014 3LEAR
11070303 0655 S06W35 A           10944 HSX  1  2  70 070228.7 070228.7 011 2SVTO
11070303 1808 S04W40 A           10944 HHX  1  3 120 070228.8 070228.7 006 2HOLL
11070304 0135 S06W45 A           10944 HAX  1  2  50 070228.7 070228.7 014 2LEAR
11070304 0715 S05W48 A           10944 HSX  1  2  60 070228.7 070228.7 011 2SVTO
11070304 2118 S04W56 A           10944 HHX  2  3 110 070228.7 070228.7 006 3HOLL
11070305 0116 S05W57 B           10944 DAO  2  3  90 070228.8 070228.7 014 3LEAR
11070305 0805 S05W62 A           10944 HSX  2  2  60 070228.7 070228.7 011 3SVTO
11070305 1528 S04W68 A           10944 HAX  2  2  40 070228.6 070228.7 006 4HOLL
11070306 0141 S07W72 A           10944 AXX  1  1  20 070228.7 070228.7 014 3LEAR
11070302 1620 S07E15 B           10945 DAO  2  2  70 0703 3.8 0703 3.8 008 3HOLL
11070304 2118 S06W16 A           10945 AXX  3  3  40 0703 3.7 0703 3.8 008 3HOLL
11070305 0116 S06W18 B           10945 BXO  2  1  10 0703 3.7 0703 3.8 015 3LEAR
11070305 0805 S06W22 A           10945 HRX  4  2  20 0703 3.7 0703 3.8 012 3SVTO
11070305 1528 S06W26 B           10945 DSO  8  4  30 0703 3.7 0703 3.8 008 4HOLL
11070306 0141 S07W31 B           10945 BXO  5  2  40 0703 3.7 0703 3.8 015 3LEAR
11070306 1612 S06W39 A           10945 HSX  1  1  10 0703 3.7 0703 3.8 008 3HOLL
11070307 0130 S07W44 A           10945 AXX  1  1  10 0703 3.8 0703 3.8 015 3LEAR
11070310 1605 N10W42 B           10946 BXI  6  5  30 0703 7.5 0703 7.5 010 4HOLL
11070311 1400 N11W60 B           10946 CRO  4  3  30 0703 7.1 0703 7.5 013 2SVTO
11070311 1530 N10W56 B           10946 DSO  4  6  90 0703 7.4 0703 7.5 010 4HOLL
11070312 0310 N06W63 B           10946 BXO  2  7  20 0703 7.4 0703 7.5 016 3LEAR
11070312 0910 N08W71 A           10946 HSX  1  2  30 0703 7.0 0703 7.5 013 2SVTO
11070312 1552 N11W72 B           10946 BXO  2  2  30 0703 7.2 0703 7.5 010 3HOLL
11070313 0155 N05W76 B           10946 BXO  2  6  30 0703 7.4 0703 7.5 016 2LEAR
11070323 0620 S15W48 B           10947 BXO  3  3  30 070319.6 070319.6 017 3LEAR
11070323 1027 S11W53 A           10947 HRX  1  1  10 070319.4 070319.6 014 2SVTO
11070323 1627 S13W56 B           10947 CSO  4  6  20 070319.5 070319.6 011 2HOLL
11070324 0118 S15W61 A           10947 AXX  1  1  30 070319.4 070319.6 017 2LEAR
11070324 1205 S13W69 A           10947 HRX  2  2  20 070319.3 070319.6 014 3SVTO
11070324 1501 S13W70 A           10947 HSX  1  1  20 070319.3 070319.6 011 3HOLL
11070325 0211 S15W75 A           10947 AXX  1  1  10 070319.4 070319.6 017 2LEAR
11070326 0255 S02W33 B           10948 DAO  6  2  30 070323.6 070323.6 018 2LEAR
11070326 1155 S02W37 B           10948 CSO  4  4  20 070323.7 070323.6 015 2SVTO
11070326 1454 S01W39 B           10948 DAO  8  4  30 070323.7 070323.6 012 4HOLL
11070327 0515 S03W47 B           10948 BXO  3  3  10 070323.7 070323.6 018 2LEAR
11070327 1544 S01W52 A           10948 AXX  1  1  20 070323.8 070323.6 012 3HOLL
11070328 0207 S02W58 A           10948 AXX  1  1  10 070323.7 070323.6 018 3LEAR
11070328 1746 S03W67 A           10948 AXX  1  1  20 070323.7 070323.6 012 3HOLL
11070328 1746 N07E65 A           10949 HAX  2  3  70 0704 2.6 0704 2.6 013 3HOLL
11070329 0221 N06E58 B           10949 CSI  5  4  50 0704 2.4 0704 2.6 019 4LEAR
11070329 1812 N05E52 B           10949 CSO  3  4  30 0704 2.6 0704 2.6 013 4HOLL
11070330 0045 N07E46 B           10949 BXO  3  3  10 0704 2.5 0704 2.6 019 3LEAR
11070330 2108 N06E34 A           10949 AXX  1  1  10 0704 2.4 0704 2.6 013 2HOLL
11070331 0000 N07E32 A           10949 AXX  1  1  10 0704 2.4 0704 2.6 019 4LEAR
11070331 1614 N06E26 B           10949 CSO  5  5  30 0704 2.6 0704 2.6 013 4HOLL
11070403 1511 S12W28 B           10949ABXO  2  2  10 0704 1.5 0704 1.6 015 3HOLL
11070403 1530 S13W27 A           10949AHSX  1  1  10 0704 1.6 0704 1.6 017 2SVTO
11070403 1511 S09W21 B           10949BBXO  2  9  10 0704 2.0 0704 2.0 014 3HOLL
11070401 0205 N07E19 A           10949 AXX  2  3  20 0704 2.5 0704 2.5 019 2LEAR
11070401 1508 N08E13 B           10949 DAO  3  4  70 0704 2.6 0704 2.5 013 3HOLL
11070401 1512 N09E12 B           10949 CRO  3  3  20 0704 2.5 0704 2.5 016 3SVTO
11070402 0037 N07E07 A           10949 AXX  2  3  20 0704 2.6 0704 2.5 019 2LEAR
11070403 1511 N08W15 A           10949 AXX  1  1  10 0704 2.5 0704 2.5 013 3HOLL
11070417 0155 S09W61 A           10952 AXX  1  1  20 070412.5 070412.5 021 2LEAR
11070417 0945 S07W66 A           10952 HRX  3  2  20 070412.5 070412.5 018 3SVTO
11070417 2211 S07W74 A           10952 AXX  1  1  30 070412.4 070412.5 018 2HOLL
11070412 1603 S14E63 A           10951 AXX  1  1  20 070417.4 070417.6 016 3HOLL
11070414 0558 S11E40 A           10951 AXX  1  1  10 070417.2 070417.6 020 3LEAR
11070414 1444 S13E35 A           10951 AXX  1  1  10 070417.2 070417.6 017 3HOLL
11070418 0400 S12W08 A           10951 AXX  1  1  10 070417.6 070417.6 022 3LEAR
11070420 0545 S05W09 B           10951ABXO  2  2  10 070419.6 070419.6 023 2LEAR
11070420 0720 S05W11 B           10951ABXO  2  2  10 070419.5 070419.6 019 3SVTO
11070425 1120 S15E79 A           10953 HSX  1  2  90 0705 1.4 0705 1.6 020 2SVTO
11070425 1639 S13E77 A           10953 CAO  4 11 300 0705 1.5 0705 1.6 019 4HOLL
11070426 0430 S09E72 B           10953 DHO  6  6 340 0705 1.6 0705 1.6 024 2LEAR
11070426 1532 S10E65 B           10953 EKO  7 11 500 0705 1.5 0705 1.6 019 4HOLL
11070427 0220 S09E61 B           10953 CKO  5  6 540 0705 1.7 0705 1.6 024 2LEAR
11070427 0644 S08E58 B           10953 DKO  6  7 410 0705 1.6 0705 1.6 020 3SVTO
11070427 1631 S12E52 B           10953 DHO 10  8 550 0705 1.6 0705 1.6 019 4HOLL
11070428 0415 S09E46 BD          10953 DKO 10  6 780 0705 1.6 0705 1.6 024 2LEAR
11070428 0650 S10E45 B           10953 DKO  9  8 380 0705 1.7 0705 1.6 020 3SVTO
11070428 1608 S11E40 BG          10953 DKC 11  8 490 0705 1.7 0705 1.6 019 3HOLL
11070429 0655 S10E32 B           10953 DKO  8  5 400 0705 1.7 0705 1.6 020 2SVTO
11070430 0720 S10E18 B           10953 DKO  9  6 400 0705 1.6 0705 1.6 020 2SVTO
11070430 1503 S10E13 B           10953 CKI 15  5 450 0705 1.6 0705 1.6 019 4HOLL
11070428 1608 S07E59 A           10954 HSX  1  1  20 0705 3.1 0705 3.1 020 3HOLL
11070430 1503 S05E33 B           10954 CAO  5  4  30 0705 3.1 0705 3.1 020 4HOLL
11070501 0705 S10E04 B           10953 CKO  6  6 450 0705 1.6 0705 1.7 020 3SVTO
11070501 1602 S13E01 B           10953 CKO  9  7 420 0705 1.7 0705 1.7 019 4HOLL
11070502 0105 S11W05 B           10953 CKO  8  5 420 0705 1.7 0705 1.7 024 2LEAR
11070502 1044 S11W11 B           10953 CKO  6  6 400 0705 1.6 0705 1.7 020 3SVTO
11070502 1845 S09W15 B           10953 CKO 13  8 430 0705 1.6 0705 1.7 019 4HOLL
11070503 0101 S11W18 B           10953 CKO  6  4 400 0705 1.7 0705 1.7 024 2LEAR
11070503 1130 S10W24 B           10953 CKO  4  6 360 0705 1.7 0705 1.7 020 2SVTO
11070503 1545 S11W26 B           10953 CKO 12  8 380 0705 1.7 0705 1.7 019 4HOLL
11070504 0130 S05W33 B           10953 CKO  9  3 300 0705 1.6 0705 1.7 024 2LEAR
11070504 1500 S10W40 B           10953 CKO  6  6 330 0705 1.6 0705 1.7 020 2SVTO
11070504 1626 S10W40 B           10953 CKO  9  6 340 0705 1.7 0705 1.7 019 3HOLL
11070505 0129 S11W45 B           10953 CKO 12  5 250 0705 1.7 0705 1.7 024 2LEAR
11070505 0630 S09W48 B           10953 CKO  9  6 320 0705 1.7 0705 1.7 020 3SVTO
11070505 1459 S10W52 B           10953 DAO  3  4 170 0705 1.7 0705 1.7 019 2HOLL
11070506 0033 S11W57 B           10953 CAO  5  4 110 0705 1.7 0705 1.7 024 2LEAR
11070506 1012 S08W63 B           10953 CAO  3  6 120 0705 1.7 0705 1.7 020 2SVTO
11070507 0057 S11W70 B           10953 CAO  3  2 240 0705 1.8 0705 1.7 024 2LEAR
11070507 0650 S07W74 B           10953 CAO  2  3 180 0705 1.7 0705 1.7 020 3SVTO
11070507 1657 S11W79 A           10953 HKX  1  3 170 0705 1.8 0705 1.7 019 4HOLL
11070508 0012 S11W85 A           10953 AXX  2  3  90 0705 1.6 0705 1.7 024 2LEAR
11070501 0705 S05E24 B           10954 CRO  3  3  20 0705 3.1 0705 3.0 021 3SVTO
11070501 1602 S06E21 B           10954 BXO  4  3  50 0705 3.2 0705 3.0 020 4HOLL
11070502 0105 S05E13 B           10954 BXO  3  3  30 0705 3.0 0705 3.0 025 2LEAR
11070502 1044 S08E07 B           10954 BXO  3  3  30 0705 3.0 0705 3.0 021 3SVTO
11070502 1845 S05E04 A           10954 BXO  3  4  40 0705 3.1 0705 3.0 020 4HOLL
11070503 0101 S06W01 B           10954 BXO  2  1  20 0705 3.0 0705 3.0 025 2LEAR
11070503 1545 S07W08 A           10954 BXO  3  3  20 0705 3.0 0705 3.0 020 4HOLL
11070510 0500 S08E17 B           10955 DAO  9  5  90 070511.5 070511.3 026 2LEAR
11070510 0603 S09E17 B           10955 DSO 10  7  80 070511.5 070511.3 022 3SVTO
11070510 1759 S09E11 B           10955 DAI 22  8  70 070511.6 070511.3 021 4HOLL
11070511 0435 S09E04 B           10955 CSO 14  8 140 070511.5 070511.3 026 2LEAR
11070511 0650 S10E03 B           10955 DAO 10  8 130 070511.5 070511.3 022 3SVTO
11070511 1406 S09W02 B           10955 DAC 16  9 180 070511.4 070511.3 021 4HOLL
11070512 0145 S09W09 B           10955 BXO 18 10 140 070511.4 070511.3 026 2LEAR
11070512 0630 S09W13 B           10955 DAO 11  8  60 070511.3 070511.3 022 3SVTO
11070512 1446 S09W16 B           10955 DAO  8  8  80 070511.4 070511.3 021 4HOLL
11070513 0110 S10W24 B           10955 BXO  7 11  40 070511.2 070511.3 026 3LEAR
11070513 0543 S10W24 B           10955 DSO 10  9  60 070511.4 070511.3 022 3SVTO
11070513 1546 S08W31 B           10955 CAC  6 10  60 070511.3 070511.3 021 3HOLL
11070514 0050 S11W36 B           10955 CSI  8  5  50 070511.3 070511.3 026 2LEAR
11070514 0523 S10W40 B           10955 DSO  5  9  50 070511.2 070511.3 022 3SVTO
11070514 1705 S07W46 B           10955 BXO  4 10  60 070511.3 070511.3 021 3HOLL
11070515 0327 S03W50 B           10955 BXO  3  8  30 070511.4 070511.3 026 3LEAR
11070515 0610 S11W49 B           10955 DSO  3  3  40 070511.6 070511.3 022 3SVTO
11070515 2025 S05W65 A           10955 AXX  1  1  20 070511.0 070511.3 021 2HOLL
11070516 0059 S09W67 A           10955 AXX  1  1  10 070511.0 070511.3 026 2LEAR
11070508 0940 S13E43 B           10955ADSO  2  3  30 070511.6 070511.6 022 3SVTO
11070508 1840 S05E37 B           10955ABXO  4  4  50 070511.5 070511.6 021 4HOLL
11070509 0355 S08E33 B           10955ACSO  6  3 450 070511.6 070511.6 026 3LEAR
11070509 0535 S09E32 B           10955ADRO 10  6  50 070511.6 070511.6 022 3SVTO
11070516 1630 S04W30 B           10957 BXO  3  3  10 070514.4 070514.4 023 3HOLL
11070517 0319 S07W36 B           10957 BXO  2  2  20 070514.4 070514.4 028 3LEAR
11070518 1310 S05W55 B           10957 CRO  3  5  30 070514.4 070514.4 024 2SVTO
11070518 1435 S03W55 G           10957 BXO 25  4 300 070514.5 070514.4 023 4HOLL
11070519 0147 S06W62 B           10957 CAO  3  4  40 070514.4 070514.4 028 2LEAR
11070519 1526 S03W70 B           10957 BXO  3  4  20 070514.4 070514.4 023 3HOLL
11070514 0050 N03E72 A           10956 AXX  1  1  20 070519.4 070519.5 027 2LEAR
11070514 0523 N02E71 B           10956 DRO  2  3  30 070519.5 070519.5 023 3SVTO
11070514 1705 N01E65 B           10956 CAC  5  7 150 070519.6 070519.5 022 3HOLL
11070515 0327 N03E58 BG          10956 CAO  9  4 130 070519.5 070519.5 027 3LEAR
11070515 0610 N00E57 B           10956 DSO  4  6 130 070519.5 070519.5 023 3SVTO
11070515 2025 S01E49 BG          10956 DAC 12  5 280 070519.5 070519.5 022 2HOLL
11070516 0059 N02E46 BGD         10956 DKC 19  6 260 070519.5 070519.5 027 2LEAR
11070516 0618 N01E45 BGD         10956 DKC 12  6 240 070519.6 070519.5 023 3SVTO
11070516 1630 N01E38 BGD         10956 DAC 34  6 180 070519.5 070519.5 022 3HOLL
11070517 0319 N03E31 BGD         10956 DKC 23  6 300 070519.4 070519.5 027 3LEAR
11070517 0835 N03E27 B           10956 DAO 10  7 300 070519.4 070519.5 023 2SVTO
11070518 0130 N03E18 BGD         10956 DKC 31  6 310 070519.4 070519.5 027 2LEAR
11070518 1310 N03E13 B           10956 DKO 13  6 240 070519.5 070519.5 023 2SVTO
11070518 1435 N02E12 B           10956 DKC 25  7  50 070519.5 070519.5 022 4HOLL
11070519 0147 N02E07 BG          10956 DAC 16  7 200 070519.6 070519.5 027 2LEAR
11070519 0638 N03E03 BG          10956 DSI 20  6 140 070519.5 070519.5 023 3SVTO
11070519 1526 N02W02 BG          10956 DAC 24  7 130 070519.5 070519.5 022 3HOLL
11070520 0258 N02W09 BG          10956 DAO 19  6 180 070519.4 070519.5 027 2LEAR
11070520 0615 N02W12 B           10956 DAI 11  6 150 070519.4 070519.5 023 2SVTO
11070520 1509 N03W15 B           10956 DAC 10  4 220 070519.5 070519.5 022 3HOLL
11070521 0610 N02W24 B           10956 DSO  6  5 110 070519.5 070519.5 023 2SVTO
11070521 1459 N03W28 B           10956 DAO  4  3  80 070519.5 070519.5 022 3HOLL
11070522 0611 N02W38 A           10956 HSX  2  2  50 070519.4 070519.5 023 3SVTO
11070522 1529 N03W42 B           10956 BXO  4  2  40 070519.5 070519.5 022 4HOLL
11070523 0658 N01W51 B           10956 CSO  2  2  20 070519.5 070519.5 023 2SVTO
11070523 1408 N04W55 A           10956 AXX  1  1  10 070519.5 070519.5 022 4HOLL
11070524 0138 S01W62 A           10956 AXX  1  1  20 070519.4 070519.5 027 3LEAR
11070523 0658 S09E76 A           10958AHRX  1     10 070529.0 070528.8 025 2SVTO
11070523 1408 S12E69 A           10958AAXX  1  1  30 070528.8 070528.8 024 4HOLL
11070528 2001 S15E75 B           10958 BXO  3  6  30 0706 3.5 0706 3.5 025 3HOLL
11070529 0212 S11E72 A           10958 AXX  1  1  30 0706 3.5 0706 3.5 029 3LEAR
11070529 0545 S13E73 A           10958 AXX  1  2  30 0706 3.7 0706 3.5 026 2SVTO
11070529 1530 S16E67 A           10958 AXX  2  1  20 0706 3.7 0706 3.5 025 3HOLL
11070530 0135 S12E60 A           10958 HAX  3  1  40 0706 3.6 0706 3.5 030 3LEAR
11070530 0558 S13E59 A           10958 HRX  1  1  40 0706 3.7 0706 3.5 026 3SVTO
11070530 1409 S15E54 A           10958 AXX  2  1  20 0706 3.7 0706 3.5 025 4HOLL
11070531 0327 S12E45 B           10958 BXO  2  2  10 0706 3.5 0706 3.5 030 3LEAR
11070531 0545 S14E45 A           10958 HRX  1  1  10 0706 3.6 0706 3.5 026 3SVTO
11070601 0142 S13E35 B           10958 BXO  4  6  20 0706 3.7 0706 3.7 030 3LEAR
11070601 0715 S14E35 B           10958 BXO  3  4  10 0706 3.9 0706 3.7 026 3SVTO
11070602 0124 S13E23 B           10958 BXO  3  6  10 0706 3.8 0706 3.7 030 4LEAR
11070602 0545 S18E23 A           10958 HSX  1  1  10 0706 4.0 0706 3.7 026 2SVTO
11070603 0114 S09E09 B           10958 BXO  2  2  10 0706 3.7 0706 3.7 030 3LEAR
11070605 0125 S12W14 B           10958 BXO  4  3  40 0706 4.0 0706 3.7 030 3LEAR
11070605 1048 S12W19 B           10958 CSO  4  3  40 0706 4.0 0706 3.7 029 3SVTO
11070605 1428 S12W22 B           10958 BXO  4  4  20 0706 3.9 0706 3.7 025 3HOLL
11070606 0224 S13W28 B           10958 BXO  3  3  20 0706 4.0 0706 3.7 033 2LEAR
11070606 0655 S13W31 B           10958 CSO  3  4  20 0706 3.9 0706 3.7 029 2SVTO
11070606 1713 S12W37 A           10958 AXX  1     10 0706 3.9 0706 3.7 025 3HOLL
11070607 0229 S13W42 A           10958 AXX  1  1  10 0706 3.9 0706 3.7 033 3LEAR
11070607 0740 S13W45 A           10958 AXX  1  1  10 0706 3.9 0706 3.7 029 2SVTO
11070607 1655 S11W52 A           10958 AXX  1     20 0706 3.8 0706 3.7 025 3HOLL
11070608 0522 S12W57 A           10958 AXX  1  1  20 0706 3.9 0706 3.7 033 3LEAR
11070601 0142 S10E61 B           10959 BXO  2  2  20 0706 5.6 0706 5.8 031 3LEAR
11070601 0715 S11E58 B           10959 CRO  2  3  30 0706 5.7 0706 5.8 027 3SVTO
11070601 1642 S13E52 A           10959 BXO  2  5  30 0706 5.6 0706 5.8 026 4HOLL
11070602 0124 S11E48 B           10959 CSO  2  3  30 0706 5.7 0706 5.8 031 4LEAR
11070602 0545 S12E46 B           10959 CSO  2  3  30 0706 5.7 0706 5.8 027 2SVTO
11070602 1556 S13E39 B           10959 CSO  3  5  20 0706 5.6 0706 5.8 026 4HOLL
11070603 0114 S10E35 B           10959 BXO  3  4  10 0706 5.7 0706 5.8 031 3LEAR
11070603 1522 S10E28 A           10959 AXX  2  1  20 0706 5.7 0706 5.8 027 2SVTO
11070603 1804 S11E26 B           10959 CSO  3  4  20 0706 5.7 0706 5.8 026 3HOLL
11070604 0003 S10E24 A           10959 AXX  1  1  10 0706 5.8 0706 5.8 031 3LEAR
11070604 1508 S11E11 A           10959 AXX  2  2     0706 5.4 0706 5.8 026 4HOLL
11070607 0229 S12W21 B           10959 BXI  8  7  60 0706 5.5 0706 5.8 034 3LEAR
11070607 0740 S11W23 B           10959 DSO  4  3  30 0706 5.6 0706 5.8 027 2SVTO
11070607 1655 S10W28 B           10959 BXI  9  5  80 0706 5.6 0706 5.8 026 3HOLL
11070608 0522 S11W34 B           10959 BXI  5  5  20 0706 5.7 0706 5.8 034 3LEAR
11070608 1438 S10W40 B           10959 DAO  4  6  40 0706 5.6 0706 5.8 026 3HOLL
11070601 0142 S05E84 A           10960 HSX  1 20  60 0706 7.3 0706 7.2 032 3LEAR
11070601 0715 S05E85 B           10960 DSO  2 10  90 0706 7.6 0706 7.2 028 3SVTO
11070601 1642 S07E76 B           10960 DKI  5 11 320 0706 7.4 0706 7.2 027 4HOLL
11070602 0124 S07E75 G           10960 EKC 11 14 480 0706 7.7 0706 7.2 032 4LEAR
11070602 0545 S06E70 B           10960 EAO  6 13 310 0706 7.5 0706 7.2 028 2SVTO
11070602 1556 S10E66 B           10960 FKC 15 17 500 0706 7.6 0706 7.2 027 4HOLL
11070603 0114 S10E65 BGD         10960 FKC 23 17 680 0706 7.9 0706 7.2 032 3LEAR
11070603 1522 S08E54 B           10960 EAI 21 15 360 0706 7.7 0706 7.2 028 2SVTO
11070603 1804 S09E53 B           10960 EKC 25 14 500 0706 7.7 0706 7.2 027 3HOLL
11070604 0003 S07E50 G           10960 FKC 37 16 640 0706 7.7 0706 7.2 032 3LEAR
11070604 1130 S07E44 B           10960 ESI 32 15 300 0706 7.8 0706 7.2 028 3SVTO
11070604 1508 S09E42 BG          10960 EAC 61 16 310 0706 7.8 0706 7.2 027 4HOLL
11070605 0125 S07E36 G           10960 FKI 33 13 600 0706 7.7 0706 7.2 032 3LEAR
11070605 1048 S07E32 B           10960 ESI 36 15 290 0706 7.8 0706 7.2 028 3SVTO
11070605 1428 S08E29 BG          10960 EAC 49 15 230 0706 7.8 0706 7.2 027 3HOLL
11070606 0224 S07E21 BGD         10960 EKI 28 13 410 0706 7.7 0706 7.2 032 2LEAR
11070606 0655 S07E21 B           10960 ESI 24 15 220 0706 7.9 0706 7.2 028 2SVTO
11070606 1713 S06E13 BG          10960 EAC 20 15 240 0706 7.7 0706 7.2 027 3HOLL
11070607 0229 S06E07 BG          10960 CAC 27 13 330 0706 7.6 0706 7.2 032 3LEAR
11070607 0740 S08E06 B           10960 ESI 14 14 190 0706 7.8 0706 7.2 028 2SVTO
11070607 1655 S07W01 BG          10960 EAC 15 14 250 0706 7.6 0706 7.2 027 3HOLL
11070608 0522 S08W07 B           10960 ESC 17 12 250 0706 7.7 0706 7.2 032 3LEAR
11070608 1438 S08W13 B           10960 EAC 13 12 230 0706 7.6 0706 7.2 027 3HOLL
11070609 0121 S07W19 B           10960 CAI 16 12 200 0706 7.6 0706 7.2 032 3LEAR
11070609 0950 S06W26 B           10960 DSO  5  9 140 0706 7.5 0706 7.2 028 3SVTO
11070609 1547 S05W29 B           10960 DAO  3  8 100 0706 7.5 0706 7.2 027 2HOLL
11070610 0157 S04W34 B           10960 CSO  5  9 140 0706 7.5 0706 7.2 032 3LEAR
11070610 0610 S07W37 B           10960 DSO  2  8 130 0706 7.5 0706 7.2 028 3SVTO
11070610 1543 S05W42 B           10960 DSO  4  8 120 0706 7.5 0706 7.2 027 3HOLL
11070611 0038 S06W47 B           10960 CSO  5  7  80 0706 7.5 0706 7.2 032 3LEAR
11070611 0610 S06W48 B           10960 DSO  2  7  60 0706 7.7 0706 7.2 028 3SVTO
11070611 1410 S04W55 B           10960 DAO  3  8 100 0706 7.5 0706 7.2 027 3HOLL
11070612 0125 S05W60 A           10960 HSX  2  8  90 0706 7.6 0706 7.2 032 3LEAR
11070612 0615 S06W60 A           10960 HSX  1  2  40 0706 7.8 0706 7.2 028 3SVTO
11070612 1712 S03W70 B           10960 CAO  2  6 100 0706 7.5 0706 7.2 027 4HOLL
11070613 0051 S05W74 B           10960 CAO  2  7 110 0706 7.5 0706 7.2 032 3LEAR
11070613 0625 S06W73 A           10960 HSX  1  1  60 0706 7.8 0706 7.2 028 3SVTO
11070613 1700 S03W84 B           10960 CAO  1  2  50 0706 7.4 0706 7.2 027 4HOLL
11070624 0627 S10E79 A           10960BHHX  1  2  60 070630.2 070630.2 035 2LEAR
11070625 0750 S10E85 A           10961 HSX  1  5  90 0707 1.7 0707 1.6 030 3SVTO
11070625 1530 S09E80 A           10961 HSX  1  2 120 0707 1.6 0707 1.6 028 3HOLL
11070626 0035 S09E73 A           10961 HSX  1  3  40 0707 1.5 0707 1.6 035 2LEAR
11070626 1605 S12E64 A           10961 HHX  1  6 120 0707 1.5 0707 1.6 028 3HOLL
11070627 0140 S09E59 A           10961 HSX  1  2 150 0707 1.5 0707 1.6 035 2LEAR
11070627 1800 S13E54 B           10961 CKO  5  7 200 0707 1.8 0707 1.6 028 3HOLL
11070628 0100 S09E50 B           10961 CSO  4  5 170 0707 1.8 0707 1.6 035 2LEAR
11070628 1830 S12E38 B           10961 CKO  5  4 180 0707 1.6 0707 1.6 028 3HOLL
11070629 0228 S13E34 B           10961 CSO  6  4 130 0707 1.7 0707 1.6 035 4LEAR
11070629 1813 S15E25 B           10961 CKO  7  5 200 0707 1.6 0707 1.6 028 4HOLL
11070630 1616 S12E13 B           10961 DKC 14  5 210 0707 1.6 0707 1.6 028 4HOLL
11070628 0228 S10E76 B           10962 BXO  2  7  20 0707 3.8 0707 3.7 036 4LEAR
11070628 1830 S12E70 A           10962 AXX  2  6  40 0707 4.0 0707 3.7 029 3HOLL
11070629 0228 S10E66 B           10962 BXO  2  7  20 0707 4.1 0707 3.7 036 4LEAR
11070629 1813 S13E53 A           10962 AXX  1  1  20 0707 3.7 0707 3.7 029 4HOLL
11070630 1616 S10E41 A           10962 AXX  2  3  30 0707 3.7 0707 3.7 029 4HOLL
11070701 0441 S11E06 B           10961 CAO 10  4 120 0707 1.6 0707 1.6 035 3LEAR
11070701 1541 S10W01 B           10961 DSO  6  4 150 0707 1.6 0707 1.6 028 3HOLL
11070702 0143 S10W09 B           10961 CAO  3  3 120 0707 1.4 0707 1.6 035 2LEAR
11070702 1659 S09W15 B           10961 CAO  3  3  90 0707 1.6 0707 1.6 028 3HOLL
11070703 0143 S10W19 B           10961 CAO  3  3 120 0707 1.6 0707 1.6 035 2LEAR
11070703 1844 S08W29 A           10961 HSX  2  3  70 0707 1.6 0707 1.6 028 3HOLL
11070704 0128 S10W33 B           10961 CAO  2  3 110 0707 1.6 0707 1.6 035 2LEAR
11070704 1543 S08W40 A           10961 HHX  3  3 100 0707 1.6 0707 1.6 028 3HOLL
11070705 0108 S09W46 A           10961 HSX  3  2  60 0707 1.6 0707 1.6 035 3LEAR
11070705 1553 S08W53 A           10961 HKX  3  3 100 0707 1.7 0707 1.6 028 3HOLL
11070706 0055 S10W59 A           10961 HSX  2  2  40 0707 1.6 0707 1.6 035 3LEAR
11070706 1618 S08W67 A           10961 HKX  2  3  60 0707 1.6 0707 1.6 028 4HOLL
11070707 0110 S09W71 A           10961 HSX  2  1  60 0707 1.7 0707 1.6 035 3LEAR
11070707 1916 S07W85 A           10961 HAX  1  4  60 0707 1.4 0707 1.6 028 3HOLL
11070701 0441 S08E43 A           10962 AXX  2  1  10 0707 4.4 0707 4.7 036 3LEAR
11070701 1541 S08E37 A           10962 AXX  1  1  10 0707 4.4 0707 4.7 029 3HOLL
11070705 0108 S05W13 A           10962 AXX  1  2  60 0707 4.1 0707 4.7 037 3LEAR
11070713 0645 N04W18 B           10964 BXO  4  5  50 070711.9 070711.9 032 3SVTO
11070713 1504 N04W23 B           10964 CAO 10  5  30 070711.9 070711.9 031 4HOLL
11070714 0504 N03W30 B           10964 DSC  9  5  70 070712.0 070711.9 039 4LEAR
11070714 0645 N02W32 B           10964 DRO  5  6  20 070711.9 070711.9 032 4SVTO
11070714 1609 N04W35 B           10964 CAO  8  7  90 070712.0 070711.9 031 2HOLL
11070715 0215 N02W42 B           10964 CAO  6  5  70 070711.9 070711.9 039 3LEAR
11070715 0645 N02W45 B           10964 CSO  5  7  30 070711.9 070711.9 032 3SVTO
11070715 1625 N03W52 B           10964 BXO  3  8  50 070711.8 070711.9 031 4HOLL
11070716 0200 N03W59 A           10964 AXX  1  1  20 070711.7 070711.9 039 3LEAR
11070716 0512 N03W62 A           10964 HRX  2  1  20 070711.6 070711.9 032 3SVTO
11070707 1916 S09E85 A           10963 AAX  1  5  50 070714.2 070714.0 030 3HOLL
11070708 0130 S07E76 B           10963 DAO  5  2 120 070713.7 070714.0 038 3LEAR
11070708 1802 S08E71 B           10963 DKI  8  8 200 070714.1 070714.0 030 2HOLL
11070709 0455 S06E64 BG          10963 DAI  9 10 340 070714.0 070714.0 038 3LEAR
11070709 1053 S06E60 B           10963 EAI  9 12 260 070713.9 070714.0 031 3SVTO
11070709 1526 S08E59 BG          10963 DKI 12 10 210 070714.1 070714.0 030 4HOLL
11070710 0312 S06E52 BG          10963 EHI 15 13 640 070714.0 070714.0 038 3LEAR
11070710 0911 S05E48 B           10963 EKI 12 12 470 070714.0 070714.0 031 3SVTO
11070710 1502 S06E43 B           10963 EHC 18 13 480 070713.8 070714.0 030 3HOLL
11070711 0138 S07E39 BG          10963 EKC 23 12 420 070714.0 070714.0 038 3LEAR
11070711 0705 S05E37 B           10963 EKI 14 13 260 070714.1 070714.0 031 3SVTO
11070711 1650 S05E31 B           10963 EKC 17 13 430 070714.0 070714.0 030 3HOLL
11070712 0106 S05E27 B           10963 EKC 10 12 350 070714.1 070714.0 038 2LEAR
11070712 0635 S05E23 B           10963 EKI 17 13 370 070714.0 070714.0 031 3SVTO
11070712 1403 S05E20 B           10963 EKC 16 13 510 070714.1 070714.0 030 4HOLL
11070713 0645 S05E09 B           10963 EKO 11 13 370 070713.9 070714.0 031 3SVTO
11070713 1504 S06E05 B           10963 EKC 11 12 260 070714.0 070714.0 030 4HOLL
11070714 0504 S06W03 B           10963 EAC 14 12 190 070714.0 070714.0 038 4LEAR
11070714 0645 S05W05 B           10963 EAO  9 13 190 070713.9 070714.0 031 4SVTO
11070714 1609 S06W10 B           10963 EKC 14 13 240 070713.9 070714.0 030 2HOLL
11070715 0215 S06W15 B           10963 EHI 18 12 320 070714.0 070714.0 038 3LEAR
11070715 0645 S06W17 B           10963 EAI 17 14 200 070714.0 070714.0 031 3SVTO
11070715 1625 S05W24 B           10963 EKC 14 14 280 070713.9 070714.0 030 4HOLL
11070716 0200 S05W28 B           10963 EHO  8 13 310 070714.0 070714.0 038 3LEAR
11070716 0512 S06W31 B           10963 EAO 14 14 170 070713.9 070714.0 031 3SVTO
11070716 1525 S05W35 B           10963 EAC  4 13 230 070714.0 070714.0 030 3HOLL
11070717 0055 S05W41 B           10963 EHO  8 13 340 070714.0 070714.0 038 3LEAR
11070717 0630 S07W45 B           10963 ESO  9 13 170 070713.9 070714.0 031 3SVTO
11070717 1543 S05W48 B           10963 EAO  3 11 210 070714.1 070714.0 030 3HOLL
11070718 0158 S03W55 B           10963 EHO  3 12 250 070714.0 070714.0 038 3LEAR
11070718 0705 S06W59 B           10963 EAO  3 13 150 070713.9 070714.0 031 3SVTO
11070718 1439 S05W60 B           10963 CAO  3 14 230 070714.1 070714.0 030 3HOLL
11070719 0040 S04W73 B           10963 CAO  2  6 120 070713.6 070714.0 038 3LEAR
11070719 0620 S04W76 A           10963 HSX  2  3 120 070713.6 070714.0 031 3SVTO
11070719 1839 S05W85 A           10963 AXX  1  5  80 070713.4 070714.0 030 3HOLL
11070730 0159 S08W15 B           10963ABXO  2  2  10 070728.9 070728.9 041 3LEAR
11070730 0622 S08W18 A           10963AHRX  2  2  20 070728.9 070728.9 034 2SVTO
11070731 0133 S09W26 A           10963AAXX  2  1  10 070729.1 070728.9 041 3LEAR
11070728 0134 S12E35 B           10965 CSO  2  1  10 070730.7 070730.8 040 3LEAR
11070728 0520 S10E34 B           10965 CSO  3  3  20 070730.8 070730.8 033 3SVTO
11070728 0652 S11E29 B           10965 HSX  4  2  20 070730.5 070730.8 033 3SVTO
11070728 1503 S10E28 B           10965 CSO  4  3  60 070730.7 070730.8 032 3HOLL
11070729 0100 S11E23 B           10965 CAO  5  1  40 070730.8 070730.8 040 4LEAR
11070729 0652 S11E19 A           10965 HSX  4  2  20 070730.7 070730.8 033 3SVTO
11070729 1535 S10E13 B           10965 CSO  3  2  60 070730.6 070730.8 032 3HOLL
11070730 0159 S10E08 B           10965 BXO  3  2  10 070730.7 070730.8 040 3LEAR
11070730 0622 S11E05 A           10965 HRX  2  2  20 070730.6 070730.8 033 2SVTO
11070731 0133 S12W03 A           10965 AXX  1  1  10 070730.8 070730.8 040 3LEAR
11070803 1629 S04E78 A           10966 HSX  1  1  10 0708 9.5 0708 9.4 033 4HOLL
11070804 0138 S07E73 A           10966 AXX  1  2  50 0708 9.5 0708 9.4 042 2LEAR
11070804 1623 S04E66 A           10966 HSX  1  2  20 0708 9.6 0708 9.4 033 3HOLL
11070805 0121 S07E57 A           10966 AXX  1  2  20 0708 9.3 0708 9.4 042 3LEAR
11070805 0630 S06E56 A           10966 HSX  1  2  20 0708 9.5 0708 9.4 035 2SVTO
11070805 1920 S04E49 A           10966 HSX  1  2  20 0708 9.5 0708 9.4 033 3HOLL
11070806 0123 S07E46 A           10966 HRX  1  1  30 0708 9.5 0708 9.4 042 2LEAR
11070806 0620 S05E44 A           10966 HSX  1  2  20 0708 9.5 0708 9.4 035 2SVTO
11070806 1416 S06E38 B           10966 DAO  6  4  40 0708 9.4 0708 9.4 033 4HOLL
11070807 0315 S06E32 B           10966 CAO  2  2  20 0708 9.5 0708 9.4 042 2LEAR
11070807 0621 S07E29 A           10966 HSX  1  1  10 0708 9.4 0708 9.4 035 3SVTO
11070807 1539 S06E25 A           10966 HSX  4  3  20 0708 9.5 0708 9.4 033 4HOLL
11070808 0204 S05E19 B           10966 CSO  4  3  30 0708 9.5 0708 9.4 042 3LEAR
11070808 0715 S07E15 B           10966 DSO  5  4  30 0708 9.4 0708 9.4 035 3SVTO
11070808 1614 S05E11 B           10966 DSO  4  3  60 0708 9.5 0708 9.4 033 3HOLL
11070809 0110 S06E05 B           10966 BXO  3  2  20 0708 9.4 0708 9.4 042 3LEAR
11070809 0710 S06E03 B           10966 BXO  4  4  30 0708 9.5 0708 9.4 035 2SVTO
11070809 1558 S06W03 B           10966 DSO  4  4  60 0708 9.4 0708 9.4 033 3HOLL
11070810 0040 S06W08 B           10966 BXO  3  3  30 0708 9.4 0708 9.4 042 3LEAR
11070810 0655 S07W12 B           10966 BXO  3  4  30 0708 9.4 0708 9.4 035 2SVTO
11070810 1806 S05W16 B           10966 CRO  4  3  20 0708 9.5 0708 9.4 033 3HOLL
11070811 0235 S06W21 B           10966 BXO  3  3  30 0708 9.5 0708 9.4 042 3LEAR
11070811 0819 S08W26 A           10966 HSX  1  1  10 0708 9.4 0708 9.4 035 3SVTO
11070811 1635 S09W30 B           10966 BXO  3  3  20 0708 9.4 0708 9.4 033 4HOLL
11070812 0150 S06W35 A           10966 AXX  1  1  10 0708 9.4 0708 9.4 042 3LEAR
11070808 0715 N05W66 B           10966ADRO  4  5  70 0708 3.4 0709 1.5 036 3SVTO
11070808 1614 N05W71 A           10966AAXX  1  1  30 0708 3.4 0709 1.5 034 3HOLL
11070812 0832 N04E03 A           10968 HSX  1  1  10 070812.6 070812.5 036 3SVTO
11070812 1642 N03W02 B           10968 BXO  2  4  20 070812.5 070812.5 035 3HOLL
11070813 0155 N04W07 B           10968 BXO  3  3  20 070812.5 070812.5 043 3LEAR
11070813 0705 N02W12 B           10968 DSO  3  4  30 070812.4 070812.5 036 3SVTO
11070813 1449 N04W12 A           10968 AXX  2  1  10 070812.7 070812.5 035 4HOLL
11070814 0716 N05W19 B           10968 DRO  4  6  40 070812.9 070812.5 036 3SVTO
11070815 0130 S10E67 A           10968AAXX  1  1  30 070820.1 070820.1 044 3LEAR
11070821 0735 S07E82 B           10969 DAO  2  9  60 070827.4 070827.6 037 3SVTO
11070821 1620 S04E77 A           10969 HHX  1  7 120 070827.4 070827.6 036 3HOLL
11070822 0153 S05E71 A           10969 HHX  1  3 140 070827.4 070827.6 045 3LEAR
11070822 1045 S06E69 A           10969 HSX  2  3 100 070827.6 070827.6 037 3SVTO
11070822 1919 S06E64 A           10969 HAX  2  2  80 070827.6 070827.6 036 3HOLL
11070823 0147 S05E58 A           10969 HAX  2  2 110 070827.4 070827.6 045 3LEAR
11070823 0723 S05E56 A           10969 HSX  2  3  70 070827.5 070827.6 037 2SVTO
11070823 1610 S04E51 B           10969 CKO  4  4 100 070827.5 070827.6 036 3HOLL
11070824 0152 S06E46 A           10969 HAX  3  2  90 070827.5 070827.6 045 3LEAR
11070824 0907 S05E43 A           10969 HSX  2  3  50 070827.6 070827.6 037 2SVTO
11070824 1854 S05E37 B           10969 CKO  3  3 120 070827.5 070827.6 036 4HOLL
11070825 0114 S05E33 B           10969 CKO  4  4 110 070827.5 070827.6 045 3LEAR
11070825 0745 S05E30 A           10969 HSX  3  3 120 070827.6 070827.6 037 2SVTO
11070825 1604 S05E26 B           10969 CSO  4  4  90 070827.6 070827.6 036 3HOLL
11070826 0115 S05E21 B           10969 CSO  6  4  90 070827.6 070827.6 045 3LEAR
11070826 0649 S05E16 A           10969 HSX  3  4  80 070827.5 070827.6 037 2SVTO
11070826 1634 S05E12 A           10969 HHX  2  3  80 070827.6 070827.6 036 2HOLL
11070827 0128 S05E07 A           10969 HAX  2  2 100 070827.6 070827.6 045 3LEAR
11070827 0620 S05E04 A           10969 HSX  1  3 100 070827.6 070827.6 037 3SVTO
11070828 0127 S05W07 A           10969 HSX  1  2  90 070827.5 070827.6 045 3LEAR
11070828 1426 S05W14 B           10969 CHO  6  4 120 070827.5 070827.6 036 4HOLL
11070829 0111 S05W19 B           10969 CSO  3  3  90 070827.6 070827.6 045 3LEAR
11070829 0740 S04W22 A           10969 HSX  2  3 100 070827.7 070827.6 037 3SVTO
11070829 1705 S05W27 B           10969 CHO  3  4 100 070827.7 070827.6 036 4HOLL
11070830 0041 S05W33 A           10969 HSX  2  2  50 070827.6 070827.6 045 3LEAR
11070830 0715 S06W36 A           10969 HSX  2  2 100 070827.6 070827.6 037 3SVTO
11070830 1746 S05W42 B           10969 DHO  5  6 120 070827.6 070827.6 036 3HOLL
11070831 0807 S08W51 B           10969 CSO  3  5 100 070827.5 070827.6 037 3SVTO
11070831 1238 S06W47 B           10969 DSO  3  3 140 070828.0 070827.6 045 3LEAR
11070831 1644 S09W55 B           10969 DAO  6  7 120 070827.6 070827.6 036 3HOLL
11070831 0807 S05E18 A           10969AHRX  1  1  10 0709 1.7 0709 1.6 038 3SVTO
11070831 1238 S06E21 A           10969BAXX  1  1  10 0709 2.1 0709 2.1 046 3LEAR
11070901 0225 S06W60 B           10969 CSO  5  2  80 070827.7 070827.6 045 2LEAR
11070901 0720 S06W65 A           10969 HRX  1  1  20 070827.5 070827.6 037 2SVTO
11070901 1814 S07W68 A           10969 AXX  1  1  10 070827.8 070827.6 036 3HOLL
11070901 1814 S06W04 B           10970 CSO  5  6  50 0709 1.5 0709 1.4 037 3HOLL
11070902 0210 S08W09 B           10970 BXO  5  4  30 0709 1.4 0709 1.4 047 2LEAR
11070902 0710 S07W12 B           10970 BXO  3  4  30 0709 1.4 0709 1.4 038 3SVTO
11070902 1905 S07W18 B           10970 CSO  3  5  20 0709 1.4 0709 1.4 037 3HOLL
11070903 0038 S06W23 B           10970 DAO  7  5  40 0709 1.3 0709 1.4 047 3LEAR
11070903 0726 S07W26 B           10970 DAO  4  7  30 0709 1.4 0709 1.4 038 3SVTO
11070903 1652 S08W30 B           10970 BXO  4  7  30 0709 1.4 0709 1.4 037 3HOLL
11070904 0110 S07W36 B           10970 CAO  4  6  20 0709 1.3 0709 1.4 047 3LEAR
11070904 0700 S07W37 B           10970 CSO  4  4  30 0709 1.5 0709 1.4 038 3SVTO
11070904 1536 S08W44 B           10970 BXO  3  3  10 0709 1.3 0709 1.4 037 3HOLL
11070905 0135 S08W50 B           10970 BXO  3  3  20 0709 1.3 0709 1.4 047 2LEAR
11070905 0920 S09W55 B           10970 BXO  5  6  50 0709 1.3 0709 1.4 038 3SVTO
11070905 1507 S09W59 B           10970 BXO  5  5  30 0709 1.2 0709 1.4 037 4HOLL
11070906 0058 S07W63 B           10970 BXX  2  5  10 0709 1.3 0709 1.4 047 2LEAR
11070927 1430 N06E26 A           10971 AXX  2  2  10 070929.5 070929.4 038 3HOLL
11070927 1435 N03E26 A           10971 AXX  1  1  10 070929.5 070929.4 039 2SVTO
11070928 0143 N03E19 B           10971 BXO  4  3  20 070929.5 070929.4 048 3LEAR
11070928 1156 N03E13 B           10971 CRO  5  4  40 070929.5 070929.4 039 3SVTO
11070928 1650 N03E11 B           10971 DSI  6  5  60 070929.5 070929.4 038 3HOLL
11070929 0101 N02E06 B           10971 CSO  4  4  30 070929.5 070929.4 048 3LEAR
11070929 0613 N03E03 B           10971 DRO  6  4  30 070929.5 070929.4 039 3SVTO
11070929 1851 N03W03 B           10971 BXO  7  5  70 070929.6 070929.4 038 4HOLL
11070930 0150 N03W07 B           10971 BXO  7  4  40 070929.5 070929.4 048 3LEAR
11070930 0703 N02W09 B           10971 CSO  7  5  40 070929.6 070929.4 039 3SVTO
11070930 1551 N01W15 B           10971 BXO  6  4  60 070929.5 070929.4 038 3HOLL
11071001 1707 S01W29 B           10971 BXO  2  3  20 070929.6 070929.6 028 3HOLL
11071006 0330 S06E06 B           10972 BXO  6  5  70 0710 6.6 0710 6.5 049 2LEAR
11071006 1540 S05W02 B           10972 CRO  5  7  50 0710 6.5 0710 6.5 039 3HOLL
11071007 0108 S06W07 B           10972 CAO  4  5  20 0710 6.5 0710 6.5 049 3LEAR
11071007 1740 S06W17 B           10972 BXO  2  7  20 0710 6.5 0710 6.5 039 3HOLL
11071008 0552 N00W24             10972 AXX  1  1  10 0710 6.4 0710 6.5 049 2LEAR
11071106 0600 S10W45 A           10973 AXX  1  1  10 0711 2.9 0711 2.9 050 3LEAR
11071106 0845 S12W46 A           10973 AXX  1  1  10 0711 2.9 0711 2.9 040 2SVTO
11071106 1602 S11W50 A           10973 HSX  1  1  20 0711 2.9 0711 2.9 040 3HOLL
11071113 0435 S08W68 A           10973AAXX  1  1  10 0711 8.1 0711 8.1 051 2LEAR
11071113 1811 S08W78 A           10973AAXX  1  1  10 0711 7.9 0711 8.1 041 4HOLL
11071116 0445 N12E04 B           10974 BXO  3  2  20 071116.5 071116.5 052 3LEAR
11071117 0103 N13W09 BG          10974 DAO  3  3  40 071116.4 071116.5 052 2LEAR
11071124 0356 N02W14 B           10975 BXO  5  2  20 071123.1 071123.9 053 2LEAR
11071125 0030 N02W25 B           10975 BXO  2  3  10 071123.1 071123.9 053 2LEAR
11071126 1157 N04W35 A           10975 AXX  1  1  10 071123.9 071123.9 042 2SVTO
11071126 1253 N03W38 A           10975 AXX  1  1  10 071123.7 071123.9 053 3LEAR
11071201 0131 S09E38 B           10976 BXO  3  3  20 0712 3.9 0712 3.7 054 3LEAR
11071201 0800 S08E36 B           10976 BXO  3  3  30 0712 4.0 0712 3.7 043 3SVTO
11071202 0127 S09E22 B           10976 BXO  2  2  10 0712 3.7 0712 3.7 054 2LEAR
11071207 0122 N08W39 A           10979 AXX  1  1  10 0712 4.1 0712 4.1 057 3LEAR
11071208 0207 N07W53 A           10979 AXX  1  1  10 0712 4.1 0712 4.1 057 3LEAR
11071208 1754 N07W63 B           10979 DSO  4  7  80 0712 4.0 0712 4.1 044 3HOLL
11071209 0118 N08W67 B           10979 CAO  2  4  70 0712 4.0 0712 4.1 057 3LEAR
11071209 0845 N07W71 A           10979 AXX  2  2  60 0712 4.0 0712 4.1 046 3SVTO
11071209 1810 N08W75 A           10979 HHX  1  5 120 0712 4.1 0712 4.1 044 3HOLL
11071210 0220 N08W82 A           10979 HAX  1  1  60 0712 3.9 0712 4.1 058 2LEAR
11071202 0127 S06E66 B           10977 BXO  3  4  40 0712 7.0 0712 6.6 055 2LEAR
11071202 2015 S05E55 B           10977 BXO  5  4  20 0712 6.9 0712 6.6 042 4HOLL
11071203 1525 S06E44 B           10977 CSO  3  3  30 0712 6.9 0712 6.6 042 3HOLL
11071204 0210 S06E38 B           10977 CSO  4  3  30 0712 6.9 0712 6.6 055 2LEAR
11071204 0753 S04E35 B           10977 DSO  4  4  40 0712 6.9 0712 6.6 044 3SVTO
11071204 1550 S06E30 B           10977 DSO  2  4  20 0712 6.9 0712 6.6 042 3HOLL
11071205 0112 S06E25 B           10977 DSO  3  3  20 0712 6.9 0712 6.6 055 2LEAR
11071205 0833 S05E21 B           10977 DSO  3  3  20 0712 6.9 0712 6.6 044 2SVTO
11071205 1706 S06E16 B           10977 DSO  3  4  10 0712 6.9 0712 6.6 042 2HOLL
11071206 0104 S06E11 B           10977 BXO  4  3  20 0712 6.9 0712 6.6 055 3LEAR
11071206 1137 S04E03 A           10977 HRX  1     10 0712 6.7 0712 6.6 044 3SVTO
11071206 1744 S06W02 B           10977 BXO  3  2  10 0712 6.6 0712 6.6 042 3HOLL
11071206 0104 S08E78 B           10978 BXO  3  4  60 071211.9 071212.0 056 3LEAR
11071206 1137 S08E75 B           10978 DSO  4  9  90 071212.1 071212.0 045 3SVTO
11071206 1744 S11E71 B           10978 DSO  8  5  60 071212.1 071212.0 043 3HOLL
11071207 0122 S09E65 B           10978 DAO  7  9  60 071211.9 071212.0 056 3LEAR
11071207 0840 S08E62 B           10978 DAO  7  9  60 071212.0 071212.0 045 3SVTO
11071207 1705 S10E57 B           10978 DAO 19  6 110 071212.0 071212.0 042 2HOLL
11071208 0207 S10E48 B           10978 EAO 13 14 150 071211.7 071212.0 056 3LEAR
11071208 1115 S10E48 B           10978 DAO  7  9 130 071212.1 071212.0 045 2SVTO
11071208 1754 S09E43 B           10978 DKC 15  9 180 071212.0 071212.0 043 3HOLL
11071209 0118 S09E37 B           10978 DAC 16  9 180 071211.8 071212.0 056 3LEAR
11071209 0845 S09E35 B           10978 EAO 13 12 230 071212.0 071212.0 045 3SVTO
11071209 1810 S08E30 B           10978 DKC 32 10 250 071212.0 071212.0 043 3HOLL
11071210 0220 S08E25 BG          10978 EAC 33 11 220 071212.0 071212.0 056 2LEAR
11071210 0900 S08E21 B           10978 ESI 14 13 270 071211.9 071212.0 045 3SVTO
11071211 0150 S06E13 BG          10978 EAC 45 11 220 071212.0 071212.0 056 2LEAR
11071211 1035 S08E07 B           10978 ESI 23 13 270 071212.0 071212.0 045 2SVTO
11071211 2018 S08E03 BG          10978 ESC 59 11 230 071212.1 071212.0 043 2HOLL
11071212 0020 S08W01 B           10978 DAC 20 10 170 071211.9 071212.0 056 3LEAR
11071212 1130 S08W08 B           10978 DSI 17 10 180 071211.9 071212.0 045 2SVTO
11071212 1816 S04W05 BG          10978 DAC 46 10 240 071212.4 071212.0 043 3HOLL
11071213 0040 S09W13 BG          10978 DAC 25  9 280 071212.0 071212.0 056 3LEAR
11071213 0805 S08W18 B           10978 DAC 30 10 440 071212.0 071212.0 045 3SVTO
11071213 2058 S09W25 BG          10978 DAI 35 10 270 071212.0 071212.0 043 2HOLL
11071214 0030 S07W29 B           10978 DKC 23 10 290 071211.8 071212.0 056 3LEAR
11071214 1007 S10W33 B           10978 EAC 25 13 500 071211.9 071212.0 045 2SVTO
11071214 1626 S10W34 BG          10978 DKC 27  9 290 071212.1 071212.0 043 2HOLL
11071215 0152 S08W40 BG          10978 DKC 29  9 340 071212.1 071212.0 056 2LEAR
11071215 0740 S11W45 B           10978 EAC 19 11 380 071211.9 071212.0 045 2SVTO
11071215 1625 S11W48 BG          10978 DSC 35 10 310 071212.1 071212.0 043 3HOLL
11071216 0148 S09W55 B           10978 EAC 21 11 240 071211.9 071212.0 056 2LEAR
11071216 1747 S10W61 BG          10978 DAI 16 11 240 071212.1 071212.0 043 3HOLL
11071217 0600 S10W69 B           10978 CAO  4  8 120 071212.1 071212.0 056 2LEAR
11071217 2300 S08W79 B           10978 CAO  3  3  70 071212.0 071212.0 043 2HOLL
11071218 0028 S08W79 B           10978 CAO  4  3 120 071212.1 071212.0 056 3LEAR
11071213 2058 N12E51 A           10978AAXX  1     10 071217.7 071217.6 045 2HOLL
11071214 0030 N12E48 A           10978AHSX  1  1  10 071217.6 071217.6 058 3LEAR
11071226 0002 N36W10 B           10978CBXO  2  3  10 071225.2 071225.2 060 3LEAR
11071225 0040 S11E09 A           10978BAXX  1  1  10 071225.7 071225.7 059 3LEAR

